151.85734566 +35.24469347
150.6500 -60.1200
116.724875 +39.018403
136.03866617 -47.09773743
196.56960048 -48.46329055
187.52774990 +69.20112766
164.17938358 -37.13776532
109.15347596 -23.31559438
255.26501106 -04.22264398
146.77550706 -65.07200742
122.25682254 -19.24501446
233.785163 -41.166792
200.65806718 -60.98839383
074.814208 +37.890242
206.88515734 +49.31326673
035.43726193 -68.65941772
294.84419128 +30.15332234
029.69247778 -61.56985966
116.742542 +39.014233
154.27073044 -61.33230231
197.4871 -05.5369
089.93029218 +37.21258463
176.32100113 +08.25811528
120.30556558 -01.39260930
107.78487675 +30.24516198
133.88153951 -27.68186985
021.45396446 +60.23528403
056.53556587 -12.10159117
117.32356528 -24.85978624
116.73229 +39.00719
061.64601498 +50.35126388
207.94781393 +34.44423924
145.28763770 +09.89230838
037.95456067 +89.26410897
163.37356349 -58.85317120
109.28565325 -37.09747115
326.76018434 -16.12728709
308.30321633 +11.30326144
075.35658551 -20.05192075
082.43325883 -01.09223861
253.64585144 -42.36131686
091.03008 +23.26364
340.89680445 -18.83037658
069.545104 -14.303983
266.43327520 -64.72387206
066.65154553 +14.71378127
353.24274574 -37.81826583
029.00011601 +68.68524062
268.4625 -34.7933
177.26490976 +14.57205806
016.521229 -46.718500
290.65957375 -44.45895715
266.89617137 -40.12699704
263.06676933 +55.17295844
013.75064678 +58.97269745
063.50047686 -42.29436756
002.09691619 +29.09043112
326.69836799 +49.30956975
284.23761617 -67.23349530
350.15934117 +23.74033605
245.51811472 +01.02904261
104.03426719 -17.05424097
275.91492955 -08.93438570
084.05338894 -01.20191914
122.11435967 +51.50666818
134.62176132 +11.85770033
182.53116909 -22.61976722
189.9511019 -60.5885857
056.80975258 -74.23896350
195.06862589 +30.78501976
123.05296 +17.64814
030.97480121 +42.32972842
193.50728997 +55.95982296
087.76015518 +37.30557126
153.43423914 -70.03790453
038.96863913 +05.59324718
260.92379 +30.49739
269.75663297 -09.77363329
118.32565800 -48.10293435
144.83749785 -61.32806019
295.26224613 +17.47604244
049.68260764 +34.22265204
154.93402865 +19.47091509
207.956571 -32.994069
310.86472243 +15.07457702
348.13751583 +49.40620708
109.285650 -37.097472
174.237212 -00.823747
267.54630381 -40.09043414
124.63880414 -36.65928864
068.98016279 +16.50930235
130.02559846 -35.30835143
122.3721917 -47.3452853
285.00344031 +32.14551465
318.23410806 +30.22691546
122.25281601 -61.30242754
123.37298832 -35.89951839
207.46784715 -18.13416794
241.62265382 -45.17318106
277.69600 +02.61444
262.60817373 +52.30138871
182.10340218 -24.72887510
189.9845185 -60.5621900
103.38711328 -20.22425492
040.82516290 +03.23581638
263.05415296 +86.58646066
144.27203241 +81.32638087
302.35674659 +36.83962215
346.77807952 +25.46825914
055.56209365 -31.93836263
056.29846681 +42.57855080
217.043488 -29.491658
095.74011193 +22.51358275
263.91495653 -46.50568382
326.36218658 +61.12080553
322.16498688 +70.56071519
058.572787 -02.954039
249.09363300 -35.25532785
148.19090227 +26.00695330
246.79671 -47.55514
335.37947961 +12.20518412
240.80374095 -49.22969863
222.71963789 -16.04177652
214.04137480 +51.36722965
189.6062917 -60.4753127
105.42978244 -27.93483049
239.2237 -33.9639
176.62842739 -61.17839899
166.6800 -59.8200
125.628650 -59.509556
328.48219248 -37.36485527
281.09491902 +39.61271808
183.78631969 -58.74892693
239.39688111 +26.87787876
220.18150 +16.41831
117.30956400 -46.37320617
212.21219393 +77.54751294
332.45179261 +72.34120582
193.66326073 -59.14670080
329.16309937 +63.62556040
114.707788 -26.803833
301.08164113 -32.05629802
068.88765974 -30.56234160
254.87654 -12.89086
093.84453775 +29.49807668
169.78291520 +38.18556347
043.56442116 +52.76247888
190.379308 -48.959911
142.28706895 -02.76896247
046.29414106 +38.84027619
099.44029730 -43.19593338
112.76859477 +82.41146631
336.83319771 -64.96635487
198.07331078 -59.92057893
097.20445713 -07.03305836
141.16357808 +26.18232361
264.13676323 -38.63536804
336.96467687 +04.69566681
207.85808074 +64.72327019
212.47839509 -53.43894527
083.76116975 -06.00202877
091.88180066 -37.25291982
234.18009263 -66.31703705
250.76940214 -77.51743413
031.12266087 -29.29681882
317.585421 +10.131575
000.93494934 -17.33599220
316.65039090 +47.64840251
076.101679 -35.482975
045.59791413 -23.62447044
116.720583 +39.014236
167.91667 -60.30972
284.06098697 +04.20211858
079.17232794 +45.99799147
140.52840671 -55.01066713
054.27367446 -40.27454569
230.34300699 -40.64752050
070.11046685 -19.67149158
304.41195781 -12.50821094
122.38312556 -47.33658633
165.93196467 +61.75103469
324.27012783 -19.46601288
154.994250 +19.840750
033.6792 +59.4850
177.42108582 -63.78847913
137.81967038 -62.31698042
049.84040133 +03.37019865
310.35797975 +45.28033881
229.45765869 -30.14867126
296.06918684 +37.35435536
233.78520145 -41.16675687
065.08839919 +27.35075025
270.01423359 +16.75091942
166.63511586 -62.42411356
220.287342 +13.728275
343.98708443 -32.53962041
070.56125671 +22.95692260
351.20942656 +62.28280815
335.25644694 +46.53656835
189.5777701 -60.5729770
343.80696653 +08.81616477
304.44667535 +38.03293131
064.47359336 -33.79834914
311.33803662 +57.57972444
042.49597183 +27.26050723
017.37552340 +47.24179429
180.21829342 +06.61432142
102.04772968 -61.94138912
303.56924526 +15.19760896
028.98946719 -51.60889791
088.27867089 -33.80136331
263.73362272 +12.56003739
193.64843562 -57.17792292
119.41711012 -30.33457007
082.06134649 -20.75944105
270.77049968 -08.18034961
309.39713645 -61.52992069
210.95585562 -60.37303516
106.427112 -38.244286
222.90959538 -43.57536015
302.222292 +77.711422
283.54240398 -22.74484020
130.91822271 -07.23373120
288.13875819 +67.66154044
268.38220676 +56.87264285
325.433021 +42.841408
075.85454013 +60.44224709
114.34212409 -34.96853080
040.56214871 +40.19394160
168.80094620 +23.09551036
266.61469448 +27.72067718
189.6117186 -60.5130667
094.90576908 +59.01096341
168.52708927 +20.52371814
210.41163923 +01.54453181
034.32861264 +33.84719307
095.94201964 +04.59286537
078.32283394 +02.86126329
107.18694658 -70.49893390
074.98223656 -12.53741619
207.42847736 +21.26410523
349.47589051 -09.18251876
113.44984928 -14.52388960
317.58541686 +10.13157674
116.725917 +39.005903
204.97190723 -53.46639115
311.23955829 -66.20321410
216.54505742 -45.37927841
226.01756698 -25.28196129
317.39853701 -11.37169030
099.47258932 -18.23747828
064.56090374 +50.29550160
252.30924256 +45.98332279
182.08957349 -50.72242740
021.40514653 -14.59879638
120.56640246 +02.33457005
105.97336860 -49.58391692
332.53658532 -32.54840799
013.26748341 +61.12397070
297.69582730 +08.86832120
256.34454255 +12.74082488
032.38594634 +34.98729706
151.984529 -00.371653
041.04994601 +49.22844754
078.07459127 -11.86921841
245.48006002 +19.15312827
104.02769123 -14.04343111
236.01466214 +77.79449412
231.23239428 +58.96606512
159.82663809 -55.60326732
179.90656808 -78.22183830
270.06582603 +04.36861564
004.27291187 +38.68163617
311.00972518 -51.92097139
194.00694257 +38.31837614
209.66978619 -44.80358582
072.80151967 +05.60510342
146.31171343 -62.50790330
014.30166743 +23.41764878
225.48650991 +40.39056683
127.36451440 -44.72481212
254.89603667 -53.16043647
010.12683778 +56.53733116
184.08557629 +23.94540833
346.75108186 +09.40949174
107.55700687 -04.23710724
269.15154118 +51.48889562
102.69143043 +41.78122964
041.23558742 +10.11414136
250.72402122 +38.92225357
275.18930101 +71.33781941
221.24673940 +27.07422497
259.41772614 +37.29149985
089.38420657 -35.28328202
209.56777834 -42.10075398
078.30782337 -12.94129064
189.5919042 -60.6338372
262.85397556 -23.96264266
189.42568237 -48.54130276
274.51329734 -27.04264302
097.96402649 -23.41842169
216.73013518 -83.66788523
115.88494408 -28.41088421
120.08319492 -63.56745613
188.43560344 +41.35747912
130.00613061 -12.47537253
097.24077556 +20.21213490
169.83519818 -14.77853925
057.38033286 +65.52597263
044.92874947 +08.90735830
091.24637120 -16.48443612
302.22228442 +77.71142087
039.94995772 -42.89167634
318.697754 +38.045375
006.57104752 -42.30598719
018.43727646 +24.58371082
241.70177884 -20.66919173
311.41563767 +30.71971544
335.89009894 +52.22904573
351.34493127 +23.40410016
103.5310 -03.1026
346.719713 -43.520353
297.04312834 +70.26793035
298.365392 +24.079603
244.58037393 -04.69250958
275.07464502 +21.96129601
133.84844223 +05.94556539
271.82649670 +08.73386545
237.18490319 +18.14156506
275.92454066 +21.76975183
080.440612 -00.382464
056.50971197 +63.34504553
297.24441574 +19.14204210
337.29277091 +58.41519830
354.83688137 +77.63227434
350.74260858 -20.10058231
165.03860098 -42.22585900
066.372450 +17.927908
189.6074091 -60.6781201
054.12241593 +48.19263304
326.23670599 -33.02578278
136.40989586 -70.53849889
291.3500 +20.1833
023.48282088 +59.23204243
071.37562660 -03.25466015
349.43602989 +49.01530048
231.33424262 -38.73361581
215.75932929 -39.51181924
222.67635750 +74.15550394
292.42649467 +51.72977939
252.16622951 -69.02771185
353.31926250 -20.91450430
156.8708 -57.6167
065.38818986 +46.49887650
276.8800 +06.5700
142.67499823 -40.46673935
074.24842121 +33.16609957
259.33153152 +33.10010086
312.37067351 -46.22682878
056.71203413 -23.24972349
052.65440929 -05.07514552
279.6300 +05.4900
226.11142641 +26.94764996
207.36134063 -34.45077580
076.37773654 -57.47270450
083.05313545 +18.59423433
283.77975408 -22.67133847
351.51160692 -20.64201751
222.57212122 -27.96037002
198.812254 -67.894586
234.94157859 -34.41191847
242.19240603 +44.93490732
309.38725542 +14.59508875
237.40502902 -03.43020438
214.85092581 -46.05809546
057.14948851 -37.62015040
165.931663 +61.750872
137.74202662 -58.96689367
333.46970616 +39.71492611
108.34281704 +16.15896486
298.82830234 +06.40676180
250.22966219 +64.58904460
320.56164853 -16.83454438
345.48026914 +42.32598150
189.8967073 -60.7928726
066.00923853 -34.01684839
136.99899114 -43.43259091
264.80517 -45.47931
345.96922289 +03.82004617
089.49856800 +25.95391107
122.81794105 -12.92699866
210.43124620 -45.60341019
116.53102956 +18.51004292
276.74340017 -45.96845827
343.131383 -32.875556
347.36165339 -21.17241145
144.61370676 +04.64929058
077.28659645 -08.75408079
157.58386291 -71.99279450
156.85196310 -57.63880438
332.09586690 -32.98846901
143.21430793 +51.67730032
051.08070872 +49.86117930
118.16102761 -38.86281402
141.89684460 -08.65859953
059.46346687 +40.01021532
068.37730151 -29.76649236
189.6000459 -60.5857550
245.29714880 -25.59279208
300.88941298 -37.94070101
143.76595839 +39.62149241
300.14814824 -72.91050549
182.02176670 -50.66127022
189.96886831 -39.98730294
158.30786999 +40.42556034
108.70272445 -26.77266936
296.56491787 +10.61326133
069.07975601 -03.35246019
089.10122085 -14.16769969
267.29365485 -31.70320662
088.33185857 +27.61226051
241.35929993 -19.80545278
237.39852840 +26.06839070
028.38256161 +19.29385527
272.14506078 -63.66855295
025.44642983 +42.61336743
188.68338883 +70.02176833
270.2750 +02.9000
198.81225511 -67.89459100
169.545425 +31.529161
244.57458402 -28.61402133
042.27257855 -32.40589774
290.16705555 +65.71453042
177.48589139 -70.22578820
001.33392469 -05.70761886
216.88143063 +75.69599213
294.11055981 +50.22110127
116.722167 +39.005069
313.16346986 -08.98331942
109.523246 +16.540386
181.08006267 -63.16570937
359.60363898 +51.38880585
125.16058562 -77.48447702
052.71824131 +12.93667680
246.35397604 +14.03326975
214.49924812 +35.50950579
247.728450 +01.983894
048.72540545 +21.04444730
056.58155768 +23.94835590
237.70402593 +04.47773087
284.43249618 -21.10665591
309.63057866 +21.20117963
119.93397115 -03.67958515
191.40855059 -60.98131763
233.9708 -44.9572
033.24997971 +08.84671067
068.46215639 +14.84442312
118.26514740 -49.61304249
060.78908193 +05.98929977
121.88603676 -24.30432443
265.85747375 -21.68319388
208.67116217 +18.39772072
123.51217581 -40.34788974
329.47947306 -54.99257612
351.99206370 +06.37899222
066.34235439 +22.29387154
195.18208123 +56.36633616
186.649463 -63.099050
359.97907339 -65.57713343
279.23473479 +38.78368896
075.77394687 +21.58996187
023.45117 +30.86911
221.96546677 -79.04475090
028.38896143 +03.18754161
161.71341662 -64.38347342
264.32970772 -42.99782799
325.52360242 +51.18962264
234.84447155 +36.63581655
007.94316395 +54.52228492
104.40461287 +45.09409456
115.95195301 -28.95482556
056.21890368 +24.11333645
246.02576935 -20.03732734
095.07830017 -30.06336673
288.88774452 +73.35546580
170.25169229 -54.49101816
030.489321 +70.907064
275.80676971 -61.49391035
219.900850 -60.835619
214.09591165 +46.08830570
011.04750052 -10.60955046
281.75530819 +18.18151841
299.68928594 +19.49214669
298.95983829 -26.29953374
093.01366479 +16.13040596
247.78486384 -16.61273073
359.82787765 +06.86332117
103.53313490 -24.18421104
281.1971 +37.5997
233.88157836 -14.78953551
090.46009337 -10.59793237
316.10125551 -19.85499196
122.4780 -49.2050
080.8942 -69.7561
197.26362608 -23.11806948
298.98074192 +58.84596762
145.56006886 -23.91556957
283.7629 -30.4783
142.80549547 -57.03437716
247.84555417 -34.70436517
131.17124671 +18.15430650
076.66929028 +51.59772291
217.050575 -02.227953
112.27799529 +31.78454925
131.59390494 -13.54772148
160.88454229 -60.56661966
222.7200 -16.0417
269.62562122 +30.18927417
109.6708 -24.9550
056.87115231 +24.10513565
100.24441512 +09.89575637
293.80411355 -48.09920113
012.271438 +57.816500
042.67420662 +55.89549655
311.66459755 +16.12428898
158.9550 -58.2300
252.309242 +45.983314
048.01886400 -28.98762045
152.23433131 -51.81126075
157.75858488 -73.22149021
283.686967 +22.645028
173.94535540 -63.01984203
187.79149838 -57.11321346
309.58450859 -01.10511976
051.20332482 +09.02887470
027.39626317 -10.68640761
204.36511590 +36.29489825
078.322837 +02.861256
183.85650264 +57.03261544
240.03108 -38.39686
193.32394594 +21.24494701
274.40681272 -36.76168520
230.844404 -59.320703
140.37329522 -25.96543897
214.00362294 -06.00054537
190.37933367 -48.95987152
131.09978141 -42.64927796
250.322771 +31.601936
291.37458914 +03.11477947
200.14923904 -36.71229019
189.5761216 -60.7162439
069.54510358 -14.30401665
253.7250 -40.7333
020.02048760 +58.23161232
091.89302448 +14.76847392
239.39688112 +26.87787875
159.30718350 -27.41263469
303.86801203 +47.71421137
102.46380893 -53.62244949
343.13139638 -32.87550164
325.02273533 -16.66230756
200.981429 +54.925361
220.76509509 -05.65820353
268.4250 -34.7500
200.984708 +54.921822
113.91550986 -52.53383458
177.96344127 -65.20590704
158.20279865 +09.30658596
275.32750232 -02.89882682
057.36352199 -36.20025113
349.35738424 -58.23573020
226.82527528 +24.86919478
156.09877488 -74.03161210
213.37086406 +51.78996822
256.20563446 -34.12293007
308.47577926 +35.25085165
233.70061506 +10.53886800
154.99312733 +19.84148522
269.44119046 +29.24787987
021.00585534 -08.18325590
029.29201058 -47.38527346
195.88877199 -49.52726439
011.83468946 +24.26717801
039.89733837 -68.26694731
175.05329043 -34.74465926
012.20842455 +50.96816716
089.78668830 -42.81513394
326.12789922 +17.35001585
017.14746451 -10.18226582
063.88356946 +08.89235624
055.81208699 -09.76339122
308.82723181 +14.67421319
254.00703853 +65.13479531
047.90735272 +19.72667769
164.94360359 -18.29878257
020.58508017 +45.52877787
229.41204696 -63.61046635
168.64775 -21.21486
079.40161902 -06.84440839
112.30762705 -43.30143324
340.87490227 -41.41434630
344.10832574 +49.73354255
209.14242062 +27.49208115
172.57872098 -03.00349735
271.83743304 +09.56384725
161.69241154 -49.42025679
159.6875 -59.1817
191.59464415 -56.48881572
202.76106915 -39.40730528
049.98187889 -43.06978264
229.633450 -47.875292
189.5972889 -60.7066755
260.07863029 +18.05707979
230.84434558 -59.32078142
090.01395724 -03.07425545
294.18031692 -01.28660030
103.90596244 -20.13649729
170.251688 -54.491022
319.61327339 +43.94594639
276.04299335 -34.38461649
354.53417207 +43.26807358
283.59940132 +71.29719182
110.030788 +21.982339
197.48746111 -05.53900515
252.96762965 -38.04738039
025.91515800 +50.68873134
176.40174650 -66.72876221
066.58642051 +15.61826810
108.8333 -30.6833
104.0833 -24.7300
313.31147928 +44.38726134
130.43056777 -15.94338462
197.96830746 +27.87818153
063.72216868 +40.48367509
096.22458869 +49.28789442
133.76178425 -60.64461106
190.416596 -01.449514
083.001708 -00.299136
079.54404256 +33.37161348
272.18954758 +20.81455774
285.65304266 -29.88006330
266.89010133 -27.83078694
056.07971685 +32.28824802
305.55709098 +40.25667916
258.757963 +24.839192
168.15005658 -60.31762544
254.41707438 +09.37503128
217.95745674 +30.37143836
186.74707119 +26.82570003
225.94706520 +47.65406188
124.63147162 -76.91972123
196.7867 +27.6125
189.5950468 -60.5846051
261.07133 +69.94653
142.93011473 +22.96796956
099.81966442 -14.14576301
189.5982373 -60.5677779
006.3397 +64.1408
040.86296604 +27.70714536
139.05030357 -57.54147241
098.22595618 +07.33297062
281.41552377 +20.54631030
341.87111550 +83.15383011
189.5953607 -60.6826394
007.889450 -62.965564
244.37619567 +75.75533014
151.28112034 -13.06462670
024.42852282 -57.23675279
285.77865408 -42.09510717
191.28261523 +45.44025692
111.67854946 +49.21152519
064.94834937 +15.62764318
248.03416595 -21.46639223
081.119704 -02.397033
341.51462908 -81.38161444
034.12744013 -51.51216542
148.71754112 -19.00935969
104.31918859 +58.42276124
152.09296244 +11.96720878
082.99633 +30.44583
224.63302235 -43.13396385
087.38720726 +12.65132173
029.16749428 -22.52678477
271.25510037 -29.58008887
084.68658057 -02.60003294
307.34889838 +30.36855466
261.32495147 -55.52988522
165.14020046 +03.61749350
101.32235133 +12.89559198
083.00166706 -00.29909511
086.19324211 -65.73552808
178.45769715 +53.69475973
153.68398221 -42.12194258
103.19724530 +33.96125485
283.3750 +36.9167
086.73892066 -14.82194998
074.32165039 +53.75210150
218.01946582 +38.30825118
122.14852762 -02.98378780
258.75796074 +24.83920697
083.7875 -04.4317
088.87465530 -37.12067100
229.25172425 -09.38291441
062.96641483 -06.83757955
104.65645315 -28.97208616
201.29824736 -11.16131949
114.70779496 -26.80383873
108.14010406 -46.75930414
018.942296 -68.875975
325.87692107 +58.78004450
086.93912017 -09.66960492
192.92467528 +27.54071539
326.16139677 +25.64503776
002.29452158 +59.14978110
246.95078000 -08.37172902
319.48451664 -32.17254209
084.91225430 -34.07410972
220.62674826 -64.97513706
084.22661744 +09.29066933
280.880217 -08.275222
324.48010288 +62.08193957
003.30896346 +15.18359354
010.86696022 +47.02454705
359.43969503 +25.14140221
296.24366059 +45.13081002
253.49886042 -42.36202952
130.82145083 +21.46850022
115.31180237 -09.55113085
261.83864879 -29.86703507
349.65621622 +68.11144271
027.86514510 -10.33503581
258.03831522 -43.23919182
338.83908859 -00.11749690
258.76180984 +36.80916231
288.43953468 +39.14596669
334.20848481 -07.78329112
318.95596633 +05.24784528
092.57461698 -54.96864262
215.77405750 -27.75401722
144.20641683 -49.35502446
199.30421999 -66.78343900
332.10804717 -34.04384022
241.092283 -11.373050
017.09617291 -55.24575803
295.02413275 +18.01389059
105.93955437 -15.63328610
274.96545452 +36.06454696
261.62866683 +04.14035945
321.09868459 +20.02027820
100.98302608 +25.13112541
047.04221855 +40.95564668
267.46450339 -37.04330487
193.58818091 -09.53899396
096.8125 -04.7583
208.30225 -31.92761
146.46280542 +23.77425578
010.89737874 -17.98660632
080.5770 +41.0250
088.59576246 +20.27617278
264.39666596 -15.39855388
298.90746 +52.43894
083.70515849 +09.48957995
294.17680369 -24.88361911
011.18132777 +48.28436488
262.96038137 -49.87614501
293.64539872 +19.77340171
130.1000 +19.6667
238.45640859 -16.72929396
122.85788225 -42.98727744
189.6025840 -60.6105210
260.250921 -21.112433
207.9500 -33.0000
046.38505097 +56.70571828
094.99833581 -02.94449348
189.6097347 -60.7439796
307.215088 -17.813708
264.329713 -42.997825
278.37577608 -42.31250930
354.46247576 -45.49235199
126.43414467 -66.13689027
332.49684881 +33.17822156
009.63894207 +29.31175374
307.41249801 -02.88553069
275.21692985 +03.37716651
135.63621218 +67.62961888
137.598075 +67.134011
041.97725592 +29.24711478
321.66677642 -22.41133450
189.6037997 -60.6772703
235.07039227 -23.81807856
186.650629 -63.099206
296.60666745 +33.72759590
131.693867 +06.418789
189.5867909 -60.5384925
189.5845287 -60.7422598
185.17927725 +17.79287033
240.03053273 -38.39670868
141.82669899 -22.34377976
165.45697759 -02.48458352
114.1458 -14.4833
292.68033548 +27.95968007
139.04719935 +54.02185773
217.04344327 -29.49163566
296.84692720 +18.53428891
261.65783725 -05.08659722
351.73314942 +01.25560833
063.72442720 +48.40933088
311.852196 +36.490739
080.7096 +03.5478
332.54993865 +06.19786326
111.43164715 +27.79808135
129.41402612 +05.70377937
202.3429 +11.7919
253.87498 -40.83333
034.7500 +57.1283
109.66824749 -24.55870016
239.71297183 -26.11410794
135.15992 +41.78294
216.53426766 -45.22142543
158.86711331 -78.60778669
092.98498722 +14.20876543
047.98445457 +74.39365779
347.47873899 -22.45761644
263.04403565 +55.18424274
117.08400177 -47.07772182
068.91357960 +10.16078879
002.81607340 -15.46797939
059.50736229 -13.50851938
040.825500 +03.236167
051.99550 +49.01950
309.39180003 -47.29150072
014.1772154 +60.7167403
221.246583 +27.074928
099.3290 +05.9654
048.95844401 -08.81972834
214.77746812 -13.37109609
262.77463634 -60.68384782
338.838883 -00.117369
283.30642368 +50.70821806
291.62954169 +00.33857003
121.98250 -68.61706
222.75446970 -02.29915244
338.25025999 -61.98212194
312.23454662 +46.11413399
017.86341155 +21.03465016
107.966083 -00.492767
097.2059442 -07.0343986
261.34858046 -56.37772633
076.862529 +18.645050
056.04989945 -64.80690582
220.28729823 +13.72830463
254.28771 -04.10031
083.40632205 -62.48982477
346.97439069 +75.38749863
184.12557286 +33.06152778
233.784913 -41.166767
269.44918074 -41.71629478
229.37854232 -58.80120481
280.568446 -09.052550
358.59596856 +57.49938146
311.91896918 -09.49577436
293.08995940 +69.66117649
239.44766694 +54.74976224
259.152862 -00.445319
058.53301032 +31.88363368
229.72742493 -68.67954593
038.02178683 -15.24467439
028.73388206 -67.64730385
236.54689311 +15.42183219
114.86390974 -38.30802182
190.0611522 -60.6334888
101.5042 -20.7567
035.5958 +57.1250
201.86318435 -15.97358060
331.75277487 +25.34511244
192.67152370 -33.99930223
346.974388 +75.387506
190.64771431 -48.81310828
128.83211195 -58.00922988
201.00201096 -64.53566913
207.37615183 -41.68770891
029.48215194 +23.59606375
348.58065778 -06.04899994
227.98363693 -48.73782479
218.15440278 -50.45715962
211.59290619 -26.68236178
355.68060303 -14.54490342
167.41586949 +44.49848668
074.81420727 +37.89024489
111.02375950 -29.30310551
220.18153260 +16.41832478
065.73371889 +17.54251353
220.41145922 +08.16176435
211.67061468 -36.36995474
154.993446 +19.841258
178.22717287 -33.90812978
109.20759947 -67.95715232
245.15908616 -24.16931920
134.80189007 +48.04182614
065.10265956 +34.56672528
037.26644916 +67.40247693
228.65549970 -31.51912602
053.44698387 -21.63288417
049.87917599 -21.75786249
303.40794392 +46.74132799
332.71365381 +58.20126267
264.23789178 +68.75797115
147.91945058 -46.54762155
257.594388 -15.725158
087.83040053 -20.87908977
076.669292 +51.597728
226.2804 -47.0503
125.62848024 -59.50948419
188.01761054 -16.19600458
253.53546 -41.82667
028.27044623 +29.57882780
025.68129625 -03.69020148
311.32239814 +61.83878242
158.00609569 -61.68533231
105.75613381 -23.83329231
062.71078864 -41.99357048
095.98795783 -52.69566138
215.65447088 -58.45911649
211.7683 +20.7458
091.53884747 -14.93525522
211.09729148 +64.37585053
076.14228818 +15.40410474
075.61953078 +41.07583888
189.5951090 -60.7099750
130.60577613 -53.11398420
316.78194719 -25.00585528
191.57001709 -68.10811567
316.48678263 -17.23286169
156.522608 -16.836292
303.34944422 +56.56772220
240.08335535 -22.62170643
007.88948582 -62.96556260
028.66004579 +20.80803147
281.79363542 -04.74786864
171.15245913 -10.85932196
060.22420250 -62.15928472
314.29341278 +41.16713864
234.51334882 -42.56734566
182.91299042 -52.36845646
339.34340527 +51.54512176
063.59870424 -10.25628008
038.46126522 -28.23234453
348.97289510 -09.08773739
148.55132917 -25.93234477
248.52091784 -44.04531337
303.94222837 +27.81424409
292.94300766 +34.45296874
189.5925822 -60.6657021
112.46421661 -23.02428659
297.76711756 +22.61004811
131.175942 -54.708822
083.7750 +09.9333
318.69788551 +38.04531782
304.51356645 -12.54485232
248.97063689 -28.21601709
143.70596913 +52.05147680
008.24996332 +62.93178261
072.47766440 +37.48827600
298.96567867 +38.48670560
049.59210433 -22.51111641
142.98641194 +11.29983148
294.22270632 -07.02747710
088.52522087 -63.08962852
044.568367 -40.304678
356.50852762 +46.42027190
307.51475482 +48.95156794
058.57292417 -02.95473430
173.06835030 -29.26102134
028.382367 +19.294078
101.55887578 +59.44167297
112.67750963 -30.96228158
042.64608245 +38.31864112
305.96508624 +32.19017197
136.28672122 -72.60270657
161.44585364 -80.54018847
287.08736947 -40.49670133
189.5716896 -60.7586171
177.78621532 -45.17346863
079.81917373 +22.09649278
012.17060139 +07.58508127
311.6633 +16.1242
354.39101088 +46.45814944
083.78449002 +09.93415587
132.63301176 -27.70984503
160.55883500 -64.46642564
253.50196463 +10.16536062
066.37243082 +17.92790497
083.85825795 -05.90990098
215.08142759 -56.38649721
276.33766980 -20.54167736
221.31025110 +16.96427994
099.17098990 -19.25587942
078.63446707 -08.20163836
238.40299500 -25.32714131
189.5987900 -60.6851790
170.28413955 +06.02932527
277.93930368 -45.91481018
024.19934235 +41.40545674
281.19315564 +37.60511585
198.42892687 +40.15288339
159.68005287 +31.97623907
222.847025 +19.100625
116.32895777 +28.02619889
024.49815413 +48.62821376
081.10609915 +17.38353240
172.85091980 +69.33107490
033.30551610 +44.23165405
202.42825778 -23.28132630
212.59972259 +25.09167762
324.43795545 -07.85420276
243.58641053 -03.69432256
067.64013586 +16.19401244
097.20445711 -07.03305837
197.49702169 +17.52945526
344.41269272 -29.62223703
016.521033 -46.718403
277.29939118 -14.56581441
067.15416174 +19.18042906
330.84024204 -56.78597693
100.99705272 +13.22801972
339.81532766 +39.05026977
207.40411929 -42.47373045
007.88611698 -62.95821874
245.480175 +19.153022
250.39326390 -17.74216624
056.45669401 +24.36774621
253.0000 -38.0333
083.18256716 -17.82228927
129.92697543 -29.56108303
308.89521301 -60.58175156
185.62629903 +25.84616263
101.28715533 -16.71611586
076.62872239 +41.23447576
244.935158 +46.313369
056.079721 +32.288242
337.207329 -00.020544
037.03976108 +08.46005575
156.03269192 +65.56642332
066.02399939 +17.44412732
263.40216718 -37.10382355
265.62198000 -39.02998308
081.57297133 +28.60745172
087.29349273 +39.18107297
063.81799845 -07.65287232
098.74408304 -52.97560885
322.48706438 +23.63883806
286.17075738 -21.74149570
018.79633957 -45.53166538
186.60026849 +27.26823762
193.35916671 -40.17887334
068.49907161 -55.04497896
083.18197132 +32.19202092
137.01200186 -25.85853619
130.07327305 -52.92188895
186.6286625 -63.1222203
188.11672264 -72.13298880
132.44849428 -45.30787704
193.90086919 +03.39747034
286.73503735 -27.67042191
293.52230639 +07.37893877
105.72823613 -04.23923269
084.41118926 +21.14254411
161.0000 -60.0867
028.382383 +19.296186
291.64358 +07.60383
087.73996750 -35.76830978
233.67195002 +26.71469278
249.68685863 +48.92834266
297.64135163 +32.91405824
340.16391980 -27.04361546
044.76531980 +35.18313038
171.98433231 +02.85626691
061.17381184 +22.08192341
086.11579539 -22.44838356
111.41206721 +09.27609836
120.89603141 -40.00314780
052.01279280 +49.06286628
237.81629103 +20.97792128
025.14506855 +40.57704840
158.89707172 -57.55763430
021.48342658 +68.13001277
220.48231577 -47.38819874
101.287154 -16.716117
047.82242337 +39.61158372
227.21090163 -45.27985971
260.49781805 -67.77066866
285.42011280 -05.73911485
189.5740509 -60.7331512
109.14580559 -27.88117852
343.66255630 -15.82082729
082.69608 +05.94814
198.56310589 -59.10323508
085.189696 -01.942572
176.99639979 +20.21893056
189.6930745 -60.7010267
073.22362480 -05.45269367
146.05039632 -27.76947252
309.18180337 -02.54995563
132.10821073 +05.83781343
228.87567897 +33.31483127
271.36368827 +02.50009883
042.61859141 -75.06694740
140.26375310 +34.39256237
131.67728868 -56.76977561
010.83849338 -57.46305758
318.62006378 +10.00697940
233.54459205 -10.06452954
101.05021 +29.94497
093.719562 +22.506822
189.81152931 -07.99556457
198.01327091 -37.80302504
076.96243955 -05.08644597
248.15121625 +11.48804109
088.11016059 +01.85513772
109.57663895 -36.73395359
281.41410877 -26.99077623
076.36527238 -22.37103442
138.93783361 -37.41314465
242.99995217 -10.06424119
078.16250 +73.97472
290.80473937 -44.79977920
018.94234275 -68.87592657
356.76439513 +58.65198888
229.63342899 -47.87527658
262.69098801 -37.29581348
045.2183 +52.3519
239.54736956 -14.27935817
319.35396850 +39.39468133
346.67018679 -23.74312068
241.85136741 -20.86876440
265.48481402 +72.14884670
355.10211514 +44.33393239
030.85877576 +72.42129382
050.08483796 +29.04845698
207.36933660 +15.79790563
314.95648818 +47.52095045
290.13710155 -05.41576222
139.711108 +36.802875
109.3208 -36.8167
180.75625541 -63.31292795
113.650417 +31.888492
081.5250 +16.7000
208.88494020 -47.28837451
089.88180005 +54.28465841
317.901333 +48.151628
111.1125 -31.8500
103.66097826 +13.17783909
244.93515275 +46.31336453
085.18969443 -01.94257359
110.55637088 -19.01660128
331.52869035 -39.54335163
190.379229 -48.959578
216.29915428 +51.85074358
225.52711895 +25.00813898
260.92060050 +37.14594278
281.63150 +12.23353
269.19759335 -44.34224781
135.15991945 +41.78294587
231.04954586 -10.32227055
044.565400 -40.304714
352.28873743 +12.76055329
258.83743307 -26.60282143
093.93702370 -13.71841467
151.83313275 +16.76266119
036.74634073 -47.70384021
078.35715554 +38.48449663
349.70600318 -32.53202471
003.66006897 -18.93286514
235.685704 +26.295633
034.836633 -02.977639
155.58160327 -41.64996096
195.56776973 -71.54885423
283.62618063 +36.89861482
041.27577960 -18.57255971
289.05433208 +21.39042608
252.54087839 -34.29323159
309.90953000 +15.91207326
017.77567602 +55.14990201
342.39792320 -13.59263240
159.68748079 -59.18299443
173.69023254 -54.26409222
258.661888 +14.390372
131.67424952 +28.75989418
014.18838380 +38.49934390
184.976475 -00.666794
254.65505070 -55.99014453
057.149500 -37.620156
130.6292 -48.1000
103.660983 +13.177825
189.8088875 -60.6880592
258.66190909 +14.39034061
203.69920111 +37.18241608
215.17742423 -45.18705851
337.66173110 -10.67795107
185.34003901 -60.40114697
219.47177428 -49.42582771
125.628475 -59.509481
237.73974286 -33.62716537
297.244388 +19.142056
235.67092523 -34.71040604
272.02074923 -28.45709212
151.97612736 +09.99750639
281.08066253 -35.64198739
199.60130946 -18.31119576
281.08477455 +39.67012591
298.11819895 +01.00565823
044.69915176 -64.07128473
007.85408526 -48.80351495
013.25206051 -01.14425880
199.73040494 -23.17151428
301.84648329 -52.88079138
284.68073808 -37.10735737
276.99266967 -25.42169850
233.700592 +10.538622
044.10687285 -08.89814503
022.09136362 -43.31823616
341.67325490 +12.17288485
064.12095506 -59.30215594
055.73126774 +47.78754851
014.65149710 -29.35745131
082.69604545 +05.94813679
316.23275955 +43.92785124
234.84450 +36.63583
266.5750 +05.7167
273.44087017 -21.05883169
064.00660767 -51.48665014
154.27409528 +42.91435577
019.86663703 +27.26405987
066.57693198 +22.81358014
138.59108361 +02.31426199
060.32563175 -61.07882109
272.80734684 -45.95441746
158.77283389 +75.71294706
290.65992 -44.45897
116.725917 +39.021736
193.27877594 -48.94331216
233.70058 +10.53908
330.947717 +64.627978
307.63171 +52.63092
196.79470844 +27.62473847
340.66687613 -46.88457644
135.61164967 -66.39607576
081.70928871 +03.09567231
298.81540380 -41.86828856
225.72515818 +02.09130400
336.31926188 +01.37739850
038.461292 -28.232344
289.40866415 -18.95290777
001.0292 -29.8333
207.95667234 -32.99408521
284.26529034 -05.84631157
278.14384313 +57.04559809
220.48996116 -37.79349834
243.36970525 -54.63046846
206.66407403 -51.43276480
300.27520192 +27.75357330
148.02647655 +54.06433229
240.57371524 +22.80445284
006.98207790 -33.00716603
287.36808739 -37.90447284
055.70856364 -37.31351660
271.1292 -24.3583
069.81875960 +15.91797304
109.52324905 +16.54038626
337.20794520 -00.01994285
114.705750 -26.801803
250.32150433 +31.60271870
189.5934251 -60.6154602
186.00622584 +51.56225708
004.85697568 -08.82391974
090.97993675 +20.13845324
343.60403482 +84.34617675
214.55790725 -81.00775833
238.78567527 -63.43072653
319.96662314 -53.44942541
085.61930317 +01.47462933
144.96400602 -01.14280930
073.72386986 +10.15083201
072.46004544 +06.96127453
101.83262629 +08.03725428
340.12857837 +44.27630673
239.87567149 +25.92016492
257.59452871 -15.72490664
272.97565348 +31.40534918
270.43832849 +01.30507709
284.61569626 -52.93862839
052.47810052 +58.87874987
119.5167 -60.7533
108.30562580 -45.18273751
286.56224574 -04.88255574
067.16558623 +15.87088182
156.52260958 -16.83628968
050.36066087 +43.32964971
041.38597645 -67.61661854
087.45692422 -56.16666132
114.342117 -34.968522
125.34594439 -33.05436519
241.092462 -11.372944
184.60936548 -64.00307021
130.15654238 -46.64874361
311.55284318 +33.97025693
283.83375928 +43.94609208
088.79293899 +07.40706400
199.38558721 +40.57260763
032.12191661 +37.85907948
089.88217887 +44.94743257
073.15825296 +36.70318431
138.29990608 -69.71720760
166.25428143 +07.33600653
036.48752334 -12.29047511
033.09283344 +30.30306751
048.017892 -28.989006
117.02153497 -25.93717008
013.1583 -72.8003
325.36937405 -77.39004341
335.41406425 -01.38733418
298.56200766 +08.46145276
021.91409071 +45.40668685
004.272908 +38.681636
085.21131240 -01.12878793
114.57518921 -25.36480601
137.21774014 +51.60464804
310.58477611 +19.16091994
311.21876832 +25.27061561
081.90868360 +21.93696495
245.52426628 +30.89199548
108.1500 -27.6667
289.09206197 +38.13372873
100.244400 +09.895753
155.22831614 -56.04322061
247.55499811 +21.48961132
177.67382599 +01.76471973
083.784487 +09.934156
189.8382168 -60.7869234
230.53446352 -47.92779287
292.680358 +27.959678
336.12912782 +49.47639378
302.826108 -00.821475
284.05492290 +04.20358679
280.75889700 -71.42811290
260.50241395 -24.99954638
101.96520651 +02.41215935
095.52845131 -33.43639785
112.44909052 +12.00656520
177.06056565 -66.81490800
168.56001859 +15.42957058
208.30224803 -31.92760963
077.42482376 +15.59723360
264.86619203 +46.00633336
322.18083625 -21.80718067
078.23292366 -16.20546904
313.70251157 -58.45415606
130.30471514 -47.31712300
346.04576060 +50.05208957
246.39632359 -23.44717083
069.17262573 +41.26481147
342.42007060 +66.20040656
311.93432910 -05.02770055
240.69957352 +46.03670476
281.36208536 -64.87126105
129.68932277 +03.34143614
221.24667338 -35.19182626
121.98247583 -68.61706528
155.228738 -56.043317
080.70833749 +03.54445130
191.93028656 -59.68877200
166.4125 -58.7533
073.56290018 +02.44067308
156.78791820 -31.06777671
253.08393884 -38.01753495
239.11326123 +15.66161682
305.25280525 -14.78138307
099.472588 -18.237475
046.19912808 +53.50643576
131.50684964 -46.04152895
238.16892255 +42.45151845
094.3000 +09.8833
145.32086383 -23.59151484
331.41979874 +05.05853337
017.375537 +47.241783
198.564221 -59.102883
047.26674943 +49.61327768
044.80304 +21.34042
311.85224026 +36.49071491
142.99553036 -01.18466385
322.9500 +48.4333
136.63236759 +38.45221525
016.52099799 -46.71841069
296.59057965 -19.76111479
195.54415770 +10.95915040
247.11726510 -70.08440053
017.18700022 +86.25709000
333.75914709 +57.04357698
036.40593130 +50.27862903
052.34448849 -62.93752754
085.32382365 +16.53414592
149.21559031 -54.56778862
108.65891924 -48.27192835
163.32793697 +34.21487153
215.654488 -58.459111
043.46988359 -49.88965022
311.79480052 +34.37412294
285.28908 -22.00164
261.59257287 -24.17531082
097.9792 +04.9417
282.80039709 +59.38835074
300.66450403 -27.70984562
220.287117 +13.728417
099.42796043 +16.39928043
333.90383854 -41.34669561
291.03157891 +29.62133880
186.63233144 -51.45063609
135.02253772 -41.25360526
026.34846602 +09.15773693
256.33385014 +54.47002762
332.05826970 -46.96097438
170.981079 +10.529544
302.18170636 -66.18206767
337.43930842 -43.74922133
235.68568964 +26.29563463
161.20162 -52.42519
142.31133199 -35.95133540
119.96687989 -18.39923032
140.80104579 -28.83387277
319.64488470 +62.58557446
221.50033327 -25.44317653
266.97316555 +02.70727778
169.16541498 -03.65160473
313.03198339 +27.09697702
111.78767391 +08.28931576
239.22115099 -29.21407255
233.23242560 +31.35913227
337.82292212 +50.28249116
098.76411952 -22.96478820
006.55084095 -43.67983137
005.01774979 -64.87479302
187.46606319 -16.51543126
055.59435647 +33.96502482
337.207529 -00.020056
211.51153435 -41.17963300
082.98275078 -07.30153810
240.88370590 -57.77507336
347.58973980 -45.24671241
200.98141867 +54.92535197
189.6631331 -60.6368070
269.77200731 -30.25302192
214.93847831 +16.30694823
234.66403957 -29.77774878
039.89095219 -11.87214254
010.51623091 +50.51252542
083.8500 -05.9150
063.48493673 +09.26382581
042.75967442 -21.00401818
119.56016333 -49.24491118
357.23144407 -28.13027069
272.93055394 -23.70123659
025.35789129 +05.48761284
079.89385020 -13.17678910
245.08668593 -78.69574693
269.06325226 +37.25053732
199.40118028 +05.46986726
108.56338299 -26.35250867
113.649429 +31.888275
134.08026252 -52.72347479
051.79229464 +09.73267621
299.23679853 -27.16990026
232.94575756 +40.89933680
154.90312808 -55.02930619
275.26409395 +72.73284772
355.99785668 +29.36145394
123.33319811 -15.78822279
126.41513338 -03.90642162
283.05430944 -62.18759233
165.18667257 +06.10144702
052.26721649 +59.94033249
099.65680783 -48.22018526
174.17047231 -09.80224756
131.69380097 +06.41880152
241.35929 -19.80539
331.445983 -00.319850
093.71940480 +22.50679434
102.46024719 -32.50847846
104.06662497 -48.72114604
010.684708 +41.268750
028.41142097 -46.30266800
221.246762 +27.074208
260.920717 +37.145925
233.232425 +31.359131
247.72842975 +01.98392248
002.35267309 -45.74742541
243.85945744 -63.68568033
069.53942899 +12.51083582
085.189879 -01.943219
183.95154504 -17.54193046
142.88211972 +63.06186148
083.001658 -00.299081
054.21826346 +00.40166192
009.83197992 +30.86102175
156.47839728 +33.79611971
119.19464158 -52.98235277
060.17006549 +12.49034054
337.62191686 +43.12337679
340.75057261 +30.22124505
125.70879166 +43.18813123
231.95721470 +29.10570066
316.7275 +38.7458
241.36071368 -19.80190433
265.86813603 +04.56730431
026.01701409 -15.93747951
260.25156334 -21.11293508
009.24285078 +53.89690758
137.59810823 +67.13401784
248.36284911 -78.89714923
079.37120539 -34.89520677
114.79138690 +34.58434563
067.10987515 +16.35967308
102.48403524 -50.61456769
245.99785807 +61.51421387
078.85164348 +32.68759931
290.41816424 -17.84719912
157.65658364 +55.98053678
119.21474582 -22.88012055
305.16589842 -12.75907901
298.90744260 +52.43894767
325.66461291 -18.86632413
116.31373506 -37.96858328
312.95537849 -26.91912706
004.58190606 +36.78522519
067.969446 -00.044011
102.71813508 -34.36731742
337.87637660 -32.34607371
206.42185343 -33.04372215
122.83955663 -39.61854469
277.9458 -19.1167
022.87087607 +15.34582459
115.75173128 +58.71035973
342.50080479 +24.60158288
044.56531355 -40.30468123
091.03006433 +23.26334447
084.72117901 -07.21282883
089.98374698 +45.93673547
159.32558311 -48.22562079
120.87950938 +27.79434007
303.63347213 +36.80630336
346.65340774 +59.41975992
049.99696946 +65.65229172
176.46483156 +06.52937258
265.0833 -32.2533
213.91530029 +19.18240916
252.44648553 -59.04137708
139.94325984 -11.97485110
228.20661177 -44.50041259
113.51325350 -22.29606662
154.17256653 +23.41731168
139.27252857 -59.27523203
230.78895854 -36.85848668
242.998917 -19.460647
075.35977498 -07.17396283
159.64563672 -16.87657401
337.31739505 -43.49556237
047.37404816 +44.85754065
204.365388 +36.294842
237.74476884 -25.75129581
271.70788800 -43.42522122
057.29059410 +24.05341675
186.64956340 -63.09909286
240.85078937 -38.60254243
030.00128817 -21.07783183
112.04080553 +08.92552968
330.82851679 -02.15536298
315.32275197 -32.25776593
165.58239904 +20.17984070
169.545625 +31.529372
215.13930120 -37.88529310
230.67028441 -44.68961517
290.43176182 -15.95501735
220.85567936 +26.52785176
081.119238 -02.397136
319.966196 -53.449267
012.45353069 +41.07891011
251.32423394 +56.78184983
000.39875660 -77.06572478
288.88511073 -25.25668246
084.79644299 +04.12146652
001.12549281 -10.50952359
115.45525418 -72.60609907
090.595821 +09.647289
125.63205879 -48.49037864
082.80314749 -35.47052029
345.22005339 -52.75413356
342.13874302 -51.31686115
079.78530918 +40.09905072
194.73101275 +17.40944343
341.63282442 +23.56565448
078.43939860 -67.18525847
059.68645604 -61.40018537
262.649900 -21.482286
135.90636507 +47.15652473
201.30640764 +54.98795966
278.80178235 -08.24407024
224.39586369 +65.93246026
067.14373348 +15.96218040
270.16131745 +02.93156455
169.61973601 +33.09430852
306.41190437 -56.73508973
359.66823782 -03.55598275
073.13318153 +14.25064486
236.61089255 +07.35306802
176.19073394 -18.35067494
303.32522325 +46.81567845
341.40784184 -53.50012091
163.49475146 +43.18995785
284.90566133 +15.06830196
325.48038905 +71.31141838
276.49640558 +65.56348021
030.9748046 +42.3297247
193.64896 -57.17786
134.803387 +48.042314
319.47947940 +34.89689692
070.14047106 -41.86375207
030.51174881 +02.76376138
039.87064912 +00.32850959
097.04253114 -32.58006820
224.29583370 -04.34645964
296.9083 +27.3133
130.1333 -53.0333
022.54631015 +06.14382159
226.27952481 -47.05124934
219.90205833 -60.83399269
107.91386775 +39.32055194
235.38772788 +19.67039944
050.035812 +36.182794
287.44097053 -21.02361398
247.55197974 -25.11522341
189.5785778 -60.6089512
116.11188987 +24.39799645
186.73446698 +28.26842252
353.48828297 +31.32527939
320.19016248 -40.80945866
083.866750 -69.269742
299.07655092 +35.08342299
217.05057892 -02.22796054
323.69401601 +38.53405692
271.45203375 -30.42408985
076.86252205 +18.64505042
226.27992 -47.05111
265.09927004 -49.41558375
212.71035855 -16.30202967
057.58962049 +71.33226347
173.25047940 -31.85762318
000.49008320 -06.01407096
235.29740413 -44.66120634
255.07239075 +30.92640458
346.71971026 -43.52035715
239.87610987 -41.74443607
156.96970319 -58.73940296
276.3500 -20.5500
155.58224902 +41.49951920
333.99240304 +37.74873293
205.18447230 +54.68163587
349.29140621 +03.28228833
012.27621124 +57.81518773
109.67702675 -24.95437258
139.71101600 +36.80259252
242.01885336 +17.04697638
283.81636041 -26.29672411
213.22393910 -10.27370388
028.59885697 +63.67010079
292.17637482 +24.66490346
059.98118254 -24.01621661
262.68462592 +26.11064481
227.9883 -48.7397
246.99589369 +68.76813869
052.64368937 +47.99521689
299.73833006 -26.19576513
271.65779704 -50.09147571
161.02881454 -63.96107040
062.16538400 +47.71251193
010.33146789 -46.08500510
095.67493897 -17.95591871
146.774933 -65.071969
189.6094915 -60.6348171
041.03062200 -13.85869806
003.65068546 +20.20670014
045.56988780 +04.08973877
006.022329 -72.081444
284.73592673 +32.68955564
094.13806300 -35.14051751
080.112133 -21.239739
353.76901737 -42.61507525
160.73917486 -64.39445022
040.16681253 -39.85537615
355.44085877 -17.81653084
189.7857048 -60.7878231
006.43779316 -77.25424612
094.71156793 +69.31978640
188.71283575 +22.62925841
281.51866625 +26.66212892
184.58676912 -79.31224194
009.22020523 +33.71934400
030.48937644 +70.90702507
113.84539026 -28.36932596
118.37422460 +26.76578479
267.555008 -06.707911
086.82119870 -51.06651143
110.03074909 +21.98231603
197.497021 +17.529406
176.51255864 +47.77940629
248.52576390 +42.43704042
175.22347622 -62.09010045
343.00847610 +43.31241562
234.25604250 -28.13508129
081.28276356 +06.34970326
337.38259377 +47.70688687
323.49522077 +45.59183830
113.98062377 +26.89574308
143.61104507 -59.22975195
022.81293646 -49.07270301
190.415887 -01.449342
189.29590787 -69.13556479
032.35554961 +25.93988855
269.94814616 -23.81613545
100.2417 +09.8950
088.71158677 +55.70694678
140.23672004 -62.40463342
130.80614580 +03.39866297
073.51254332 +66.34267680
083.84651779 -04.83835781
181.72041250 -64.61372899
277.84343786 -62.27830148
163.90331908 +24.74971730
162.40620311 -16.19364888
015.73586927 +07.89013487
181.30225203 +08.73298605
340.365550 +10.831289
241.64810522 -36.80229591
221.56218900 +01.89288458
143.55575823 +36.39756016
242.24292297 +36.49093723
190.48570127 -59.68581972
224.79035391 -42.10419636
188.37059686 +69.78823584
240.36068701 +29.85106232
147.74732084 +59.03873572
203.673937 -00.595939
095.94208 +04.59283
130.05340694 +64.32793611
189.8222893 -60.7855436
161.2917 -59.7167
142.674871 -40.466714
196.72766415 -49.90624509
352.50808109 +58.54892001
156.97083167 +36.70721002
058.5313 +31.8822
321.61085348 -65.36619847
240.8833 -57.7739
166.33294857 -27.29360991
134.24340690 -59.22933945
106.02721162 +20.57029829
271.88562802 +28.76249107
127.56612767 +60.71816987
017.43301617 +35.62055765
087.25402491 +24.56753388
107.21278443 -39.65565499
209.41201638 -63.68669701
074.09281715 +13.51447033
206.81559750 +17.45690422
307.21506035 -17.81368591
190.41518098 -01.44937282
244.96009277 -50.15550618
277.20774917 -49.07058673
017.91515195 +30.08963635
336.833196 -64.966358
243.07585374 -27.92637382
072.65301243 +08.90018037
188.59681183 -23.39676040
242.99889865 -19.46070448
031.79335710 +23.46241755
282.51998020 +33.36266944
340.43920671 +29.30763661
303.81623093 +25.59195970
265.35363693 -12.87530795
203.61358035 +49.01597404
063.484937 +09.263811
230.18215017 +71.83401655
290.97156179 -40.61593624
355.51169216 +01.78004123
058.42792927 -24.61223080
081.18677766 +01.84644553
014.16627086 +59.18105531
184.39282150 -67.96073574
231.12261815 +37.37715493
074.63709208 +01.71401616
037.266500 +67.402417
130.15428159 -59.76100186
228.07123314 -52.09924776
354.94611576 -14.22217712
286.604737 -37.063456
138.90295391 -38.56994230
118.05429886 -40.57578661
235.48666075 -19.67882626
203.53304940 +03.65896495
220.91433175 -35.17365518
345.94357275 +28.08278712
103.54749486 -12.03862984
124.12883753 +09.18554387
170.98105304 +10.52950540
359.75224248 +55.75492861
018.43250 +07.57550
137.72943972 +63.51362647
322.88971548 -05.57117555
147.86955765 -14.84660307
044.80302232 +21.34043264
326.04648391 +09.87500865
251.49267367 +82.03725646
312.49200048 -33.77972411
131.17594410 -54.70881925
255.78279773 +14.09194691
063.60618391 -62.47385880
114.82549791 +05.22498756
115.82802908 +28.88351172
059.74125955 +35.79103145
075.49221855 +43.82330720
053.23268735 -09.45825866
240.83593045 -25.86524028
300.70446952 +67.87356373
260.20692289 -12.84687591
270.37670051 +21.59578012
143.62024995 +69.83034200
246.75597912 -18.45624827
090.59581950 +09.64727279
042.87849045 +35.05973924
105.01681505 +76.97740607
080.98678198 -07.80806478
252.45840017 -10.78299375
218.67007081 +29.74512750
150.05335788 +08.04422311
206.815596 +17.456894
264.46130452 -08.11877079
093.71389027 -06.27477445
080.11216222 -21.23976432
140.12091069 -09.55569595
070.140471 -41.863753
257.19664984 +65.71468427
169.545550 +31.529289
157.84092339 -53.71548423
176.62946929 -40.50035340
159.38863731 -13.38454248
030.511767 +02.763731
225.24312556 -08.51894620
275.24851476 -29.82810164
270.12088072 -03.69026904
236.06697631 +06.42562868
034.26345899 +34.22422944
331.60928092 -13.86968374
289.27570272 +53.36845927
249.28974606 -10.56709152
281.084771 +39.670125
076.10167575 -35.48297670
165.931954 +61.751033
113.64947164 +31.88828222
081.11923634 -02.39714754
271.364046 +02.499811
187.00992533 -50.23063535
287.50731584 -39.34079566
167.91453265 -22.82584981
299.93407640 -35.27630692
228.05537606 -19.79171090
334.62539493 -60.25959064
326.035788 +28.742606
107.09785021 -26.39319957
026.021158 -15.939506
246.79598379 -47.55478404
286.35253340 +13.86347728
202.10753586 +13.77878851
130.89807315 -33.18638605
218.87676734 -42.15782522
240.47227648 +58.56525157
131.9750 -42.4500
346.19022269 +15.20526715
286.60462559 -37.06344170
152.64698611 -12.35408162
189.5682829 -60.7142042
247.35191542 -26.43200261
218.96896 -57.62647
163.903337 +24.749722
171.22051508 -17.68400833
311.52388594 -25.27089755
222.84741637 +19.10047205
343.15364336 -07.57959838
129.41096992 -42.98908040
185.08742223 +03.31257233
326.03574137 +28.74263143
044.69029106 +39.66272613
137.76832723 -44.86790079
219.89609629 -60.83752757
056.30206575 +24.46728048
190.47106907 +10.23562633
064.31525645 +20.57859279
165.46031890 +56.38242609
233.97186690 -44.95838838
335.33058063 +28.33052852
237.80804694 +35.65737975
099.83260975 +42.48887824
167.14745833 -58.97503770
307.39535443 +62.99410654
087.87250169 +39.14848411
052.34187580 +49.50894762
354.98767240 +05.62629098
202.99118774 -06.25581719
297.043117 +70.267925
155.74227525 -66.90149731
230.45154027 -36.26137569
136.49319343 +05.09231555
115.09671384 -15.26391763

