" coord1 (ICRS,J2000/2000)  "	        pm        	Mag V 
---------------------------	------------------	------
228.65549970 -31.51912602  	    -8.91 -0.07   	4.924
072.47766440 +37.48827600  	   -36.89 38.85   	4.884
027.86514510 -10.33503581  	   40.80 -37.25   	3.72
183.85650264 +57.03261544  	    104.11 7.30   	3.32
272.14506078 -63.66855295  	  18.02 -207.57   	4.333
137.81967038 -62.31698042  	   -37.48 14.59   	3.947
006.022329 -72.081444      	      3.44 0.00   	4.09
186.64956340 -63.09909286  	  -35.83 -14.86   	0.81
107.91386775 +39.32055194  	     47.57 3.38   	4.907
203.673937 -00.595939      	  -280.48 49.05   	3.38
130.15428159 -59.76100186  	     -6.63 5.32   	4.318
252.30924256 +45.98332279  	   22.57 -51.35   	4.823
271.364046 +02.499811      	  276.3 -1091.8   	4.123
182.08957349 -50.72242740  	   -49.94 -7.19   	2.52
067.10987515 +16.35967308  	     7.91 18.14   	4.971
188.68338883 +70.02176833  	   -30.44 -1.89   	4.956
112.30762705 -43.30143324  	  -59.55 188.31   	3.25
134.62176132 +11.85770033  	   43.23 -29.63   	4.259
049.84040133 +03.37019865  	   269.30 93.75   	4.85
310.35797975 +45.28033881  	      2.01 1.85   	1.25
258.03831522 -43.23919182  	  24.47 -288.55   	3.33
185.62629903 +25.84616263  	   -11.42 -7.92   	4.81
053.44698387 -21.63288417  	   44.94 -28.16   	4.3
101.28715533 -16.71611586  	-1769.08	-1.46
285.77865408 -42.09510717  	   56.41 -46.43   	4.734
340.87490227 -41.41434630  	   10.11 -93.79   	4.847
228.07123314 -52.09924776  	 -112.92 -71.18   	3.41
191.28261523 +45.44025692  	    -1.40 13.24   	4.87
142.99553036 -01.18466385  	   -12.60 -3.99   	4.555
102.48403524 -50.61456769  	   34.36 -69.11   	2.93
235.38772788 +19.67039944  	  -60.86 -43.69   	4.509
007.85408526 -48.80351495  	   140.49 19.25   	4.77
049.87917599 -21.75786249  	    51.89 32.92   	3.7
298.96567867 +38.48670560  	      2.20 0.67   	4.943
095.94208 +04.59283        	            ~ ~   	4.3
303.40794392 +46.74132799  	      4.78 1.21   	3.8
229.45765869 -30.14867126  	   -10.16 -3.66   	4.33
111.67854946 +49.21152519  	  -10.22 -49.29   	4.614
076.62872239 +41.23447576  	   31.45 -67.87   	3.18
013.25206051 -01.14425880  	    6.99 -15.66   	4.76
189.5845287 -60.7422598    	            ~ ~   	0
261.34858046 -56.37772633  	   -0.44 -15.77   	3.34
311.21876832 +25.27061561  	 -29.06 -177.96   	4.91
189.6062917 -60.4753127    	            ~ ~   	0
151.85734566 +35.24469347  	     52.90 0.62   	4.49
064.94834937 +15.62764318  	  115.46 -23.42   	3.65
338.83908859 -00.11749690  	   89.74 -55.81   	4.03
284.73592673 +32.68955564  	     -3.09 1.11   	3.25
248.03416595 -21.46639223  	    21.12 35.26   	4.45
344.10832574 +49.73354255  	    -0.48 -3.43   	4.94
050.035812 +36.182794      	      9.7 -11.0   	0
076.862529 +18.645050      	     537.4 19.3   	4.99
193.32394594 +21.24494701  	  -37.66 -30.14   	4.91
021.40514653 -14.59879638  	   42.94 -17.26   	4.918
104.40461287 +45.09409456  	   -21.52 -3.12   	4.9
319.96662314 -53.44942541  	  107.90 -66.41   	4.4
343.66255630 -15.82082729  	  -42.60 -27.89   	3.28
185.17927725 +17.79287033  	  -108.81 89.44   	4.74
105.42978244 -27.93483049  	     -5.98 4.59   	3.47
296.06918684 +37.35435536  	    72.46 35.18   	4.899
332.71365381 +58.20126267  	     13.52 5.24   	3.35
287.44097053 -21.02361398  	   -1.36 -36.45   	2.88
274.40681272 -36.76168520  	-295.82	3.11
245.99785807 +61.51421387  	   -17.02 56.95   	2.74
172.57872098 -03.00349735  	   19.35 -15.82   	4.77
081.119704 -02.397033      	            ~ ~   	4.895
133.84844223 +05.94556539  	  -100.06 15.46   	3.1
230.844404 -59.320703      	            ~ ~   	4.51
198.81225511 -67.89459100  	  -36.46 -11.36   	4.774
290.41816424 -17.84719912  	   -25.87 21.46   	3.93
354.94611576 -14.22217712  	   51.25 -55.35   	4.985
264.23789178 +68.75797115  	    2.58 321.73   	4.8
208.88494020 -47.28837451  	  -57.37 -44.55   	2.55
244.935158 +46.313369      	     -12.5 40.4   	3.876
140.37329522 -25.96543897  	   -12.24 -9.29   	4.72
214.00362294 -06.00054537  	 -26.31 -419.38   	4.08
169.545425 +31.529161      	  -453.7 -591.4   	4.264
271.83743304 +09.56384725  	   -62.17 79.66   	3.73
030.00128817 -21.07783183  	  134.92 -24.59   	4.02
299.23679853 -27.16990026  	   10.46 -15.52   	4.544
182.53116909 -22.61976722  	   -71.74 10.25   	2.98
187.00992533 -50.23063535  	  -32.36 -12.51   	3.91
115.95195301 -28.95482556  	     -5.09 3.90   	3.93
189.9511019 -60.5885857    	            ~ ~   	0
244.57458402 -28.61402133  	 -31.19 -100.92   	4.792
240.03053273 -38.39670868  	  -16.96 -27.83   	3.41
287.50731584 -39.34079566  	    4.37 -36.65   	4.117
056.04989945 -64.80690582  	   307.13 77.50   	3.85
136.03866617 -47.09773743  	   -47.45 -9.75   	3.75
232.94575756 +40.89933680  	  -13.71 -13.00   	4.997
258.76180984 +36.80916231  	    -27.29 2.82   	3.18
056.21890368 +24.11333645  	   20.84 -46.06   	3.7
147.91945058 -46.54762155  	    -23.81 9.35   	4.58
056.079721 +32.288242      	      9.3 -13.7   	3.91
085.61930317 +01.47462933  	  -54.06 -14.60   	4.9
130.05340694 +64.32793611  	   -60.05 26.40   	4.61
112.04080553 +08.92552968  	   -61.09 10.70   	4.3
190.37933367 -48.95987152  	   -185.72 5.79   	2.17
288.43953468 +39.14596669  	    -0.60 -1.26   	4.397
016.52099799 -46.71841069  	   -80.81 34.97   	3.3
247.55197974 -25.11522341  	   -4.45 -26.33   	4.79
189.5785778 -60.6089512    	            ~ ~   	0
189.8222893 -60.7855436    	            ~ ~   	0
125.628650 -59.509556      	     -25.3 22.7   	3.85
328.48219248 -37.36485527  	   98.07 -13.22   	3.01
341.51462908 -81.38161444  	    -54.49 1.16   	4.141
089.88180005 +54.28465841  	  81.81 -132.98   	3.72
257.594388 -15.725158      	          38 96   	2.463
141.82669899 -22.34377976  	 174.78 -148.99   	4.69
157.65658364 +55.98053678  	 -176.71 -33.21   	4.831
034.12744013 -51.51216542  	   91.03 -22.23   	3.57
056.80975258 -74.23896350  	   50.85 114.74   	3.26
119.21474582 -22.88012055  	   -30.42 11.49   	4.204
105.97336860 -49.58391692  	  -52.78 140.27   	4.933
337.207329 -00.020544      	         191 37   	4.49
199.73040494 -23.17151428  	   68.99 -41.85   	3
237.40502902 -03.43020438  	 -100.28 -25.99   	3.53
161.69241154 -49.42025679  	   63.22 -54.21   	2.69
330.82851679 -02.15536298  	   24.66 -11.16   	4.69
286.604737 -37.063456      	    87.7 -283.9   	4.53
305.16589842 -12.75907901  	   14.74 -14.32   	4.76
042.27257855 -32.40589774  	   86.01 158.81   	4.46
165.45697759 -02.48458352  	    9.76 -35.56   	4.75
246.02576935 -20.03732734  	  -20.29 -47.65   	4.5
095.07830017 -30.06336673  	      7.32 4.03   	3
138.90295391 -38.56994230  	  -70.78 -10.08   	4.94
131.09978141 -42.64927796  	   -23.29 18.71   	4.064
271.82649670 +08.73386545  	     8.28 29.45   	4.647
167.91453265 -22.82584981  	   2.52 -100.22   	4.461
237.18490319 +18.14156506  	  -51.88 -88.10   	4.09
214.85092581 -46.05809546  	   -12.56 -4.76   	3.536
250.322771 +31.601936      	            ~ ~   	2.879
144.96400602 -01.14280930  	   46.96 -62.39   	3.91
299.93407640 -35.27630692  	    5.60 -25.81   	4.37
315.32275197 -32.25776593  	     -1.73 0.41   	4.677
037.03976108 +08.46005575  	   41.80 -13.55   	4.3
301.84648329 -52.88079138  	    -12.98 7.50   	4.94
228.05537606 -19.79171090  	  -35.40 -32.79   	4.54
049.59210433 -22.51111641  	    13.08 13.33   	4.875
094.13806300 -35.14051751  	    -0.28 87.94   	4.37
057.14948851 -37.62015040  	    74.44 -9.09   	4.26
165.58239904 +20.17984070  	    -8.67 39.07   	4.407
081.90868360 +21.93696495  	     0.05 -7.06   	4.865
334.62539493 -60.25959064  	  -70.72 -39.44   	2.82
087.83040053 -20.87908977  	 229.49 -648.41   	3.85
103.66097826 +13.17783909  	   68.48 -72.98   	4.706
334.20848481 -07.78329112  	  118.80 -22.18   	4.16
288.88774452 +73.35546580  	 -115.29 103.23   	4.45
220.28729823 +13.72830463  	   51.95 -11.08   	3.793
195.06862589 +30.78501976  	   -22.49 -6.98   	4.88
233.78520145 -41.16675687  	  -15.62 -25.43   	2.765
198.56310589 -59.10323508  	-403.32	4.93
142.98641194 +11.29983148  	  -89.98 -81.85   	4.973
165.931663 +61.750872      	  -116.3 -100.6   	4.91
275.92454066 +21.76975183  	 195.79 -242.98   	3.84
318.95596633 +05.24784528  	   59.88 -94.09   	3.949
291.37458914 +03.11477947  	   254.54 82.51   	3.36
137.74202662 -58.96689367  	   -16.64 15.00   	3.4
332.53658532 -32.54840799  	   428.96 13.35   	4.92
200.14923904 -36.71229019  	 -341.11 -86.14   	2.73
281.09491902 +39.61271808  	     6.18 50.42   	4.59
284.68073808 -37.10735737  	-243.02	4.83
080.440612 -00.382464      	      1.23 1.13   	4.74
116.11188987 +24.39799645  	  -23.39 -54.57   	3.57
196.56960048 -48.46329055  	  -29.85 -15.17   	4.694
076.669292 +51.597728      	   -29.9 -174.7   	4.975
092.57461698 -54.96864262  	     -4.90 7.41   	4.81
333.46970616 +39.71492611  	    36.89 15.27   	4.49
056.50971197 +63.34504553  	    -1.46 -9.09   	4.817
104.31918859 +58.42276124  	   6.08 -122.83   	4.35
154.90312808 -55.02930619  	    -14.21 3.41   	4.578
187.52774990 +69.20112766  	  -61.59 -54.67   	4.95
297.69582730 +08.86832120  	  536.23 385.29   	0.76
215.77405750 -27.75401722  	-319.8	4.75
065.08839919 +27.35075025  	  -28.90 -78.28   	4.957
164.17938358 -37.13776532  	  76.14 -124.43   	4.6
226.2804 -47.0503          	            ~ ~   	4.63
144.20641683 -49.35502446  	  -130.55 42.98   	4.35
276.99266967 -25.42169850  	 -44.76 -185.66   	2.81
326.035788 +28.742606      	   277.4 -251.1   	4.51
296.59057965 -19.76111479  	 -129.40 -90.55   	4.887
294.22270632 -07.02747710  	     1.63 -2.65   	4.96
353.76901737 -42.61507525  	    42.31 10.67   	4.71
142.674871 -40.466714      	    -191.4 73.2   	3.91
233.700592 +10.538622      	      -75.2 9.0   	3.8
118.05429886 -40.57578661  	    -18.00 5.01   	3.721
083.40632205 -62.48982477  	     0.79 12.74   	3.76
346.97439069 +75.38749863  	    6.81 -34.06   	4.41
085.189696 -01.942572      	        4.0 2.5   	1.88
183.78631969 -58.74892693  	  -35.81 -10.36   	2.775
245.52426628 +30.89199548  	  -97.43 107.45   	4.857
169.545625 +31.529372      	  -453.7 -591.4   	4.729
170.25169229 -54.49101816  	   -35.85 -1.72   	3.9
215.13930120 -37.88529310  	  -63.69 -10.65   	4.049
270.01423359 +16.75091942  	   -7.51 -10.46   	4.67
030.489321 +70.907064      	      -63.5 9.2   	4.63
275.26409395 +72.73284772  	 531.21 -349.71   	3.58
292.68033548 +27.95968007  	    -7.17 -6.15   	3.085
123.05296 +17.64814        	  27.61 -151.73   	4.67
125.62848024 -59.50948419  	   -25.52 22.06   	1.953
202.76106915 -39.40730528  	  -15.67 -10.49   	3.88
107.09785021 -26.39319957  	     -3.12 3.31   	1.84
189.5761216 -60.7162439    	            ~ ~   	0
337.29277091 +58.41519830  	     15.35 3.52   	3.75
298.82830234 +06.40676180  	  45.27 -481.91   	3.71
195.54415770 +10.95915040  	  -273.80 19.96   	2.79
049.98187889 -43.06978264  	 3038.34 726.58   	4.27
355.99785668 +29.36145394  	   71.10 -40.58   	4.941
188.01761054 -16.19600458  	 -425.17 -57.23   	4.31
184.12557286 +33.06152778  	 -53.69 -111.22   	4.94
354.83688137 +77.63227434  	  -47.96 126.59   	3.22
230.67028441 -44.68961517  	  -22.86 -18.87   	3.367
247.11726510 -70.08440053  	  199.97 110.97   	4.91
109.15347596 -23.31559438  	     -4.28 2.83   	4.79
156.03269192 +65.56642332  	   -9.04 -20.68   	4.935
256.34454255 +12.74082488  	   50.18 -12.23   	4.882
073.72386986 +10.15083201  	  41.49 -128.73   	4.656
239.39688111 +26.87787876  	  -77.07 -60.61   	4.13
350.74260858 -20.10058231  	 -121.28 -97.59   	3.98
233.784913 -41.166767      	    -28.2 -42.0   	3.48
176.99639979 +20.21893056  	  -145.49 -4.34   	4.537
220.18150 +16.41831        	            ~ ~   	4.9
160.73917486 -64.39445022  	   -18.36 12.03   	2.76
072.46004544 +06.96127453  	   464.06 11.21   	3.19
069.54510358 -14.30401665  	 -76.59 -176.78   	3.87
166.63511586 -62.42411356  	    -36.93 9.46   	4.617
044.568367 -40.304678      	     -17.2 -6.0   	4.3
040.16681253 -39.85537615  	  135.92 -27.53   	4.124
152.09296244 +11.96720878  	   -248.73 5.59   	1.4
235.48666075 -19.67882626  	 -32.06 -103.15   	4.72
186.73446698 +28.26842252  	  -83.95 -81.13   	4.34
356.50852762 +46.42027190  	     9.07 -7.83   	4.982
032.38594634 +34.98729706  	  149.16 -39.10   	3
355.44085877 -17.81653084  	     14.18 0.94   	4.83
289.09206197 +38.13372873  	     -0.80 0.36   	4.38
333.75914709 +57.04357698  	   481.53 46.04   	4.19
044.10687285 -08.89814503  	  77.36 -220.16   	3.87
151.984529 -00.371653      	   -25.83 -4.25   	4.49
203.53304940 +03.65896495  	   45.51 -24.70   	4.94
229.633450 -47.875292      	    -23.3 -41.4   	4.945
066.02399939 +17.44412732  	  108.16 -34.66   	4.8
255.26501106 -04.22264398  	  -39.13 -78.09   	4.827
041.04994601 +49.22844754  	  334.66 -89.99   	4.11
220.287342 +13.728275      	     66.3 -20.6   	4.547
123.33319811 -15.78822279  	   -12.41 -3.35   	4.99
298.90744260 +52.43894767  	  -37.62 -31.13   	4.92
078.07459127 -11.86921841  	   24.39 -31.02   	4.45
250.22966219 +64.58904460  	   -0.30 -16.81   	4.848
244.93515275 +46.31336453  	   -13.33 38.48   	3.9
307.51475482 +48.95156794  	     10.63 7.22   	4.938
220.91433175 -35.17365518  	 -61.46 -176.84   	4.05
036.40593130 +50.27862903  	   24.66 -15.13   	4.734
263.40216718 -37.10382355  	   -8.53 -30.80   	1.62
020.02048760 +58.23161232  	    -0.59 -1.59   	4.98
052.34448849 -62.93752754  	  382.84 373.05   	4.71
146.77550706 -65.07200742  	    -11.51 4.71   	2.96
229.37854232 -58.80120481  	 -97.74 -134.15   	4.069
085.18969443 -01.94257359  	      3.19 2.03   	1.79
189.6930745 -60.7010267    	            ~ ~   	0
091.89302448 +14.76847392  	    6.78 -20.23   	4.403
117.30956400 -46.37320617  	     -4.37 8.66   	4.11
345.94357275 +28.08278712  	  187.65 136.93   	2.42
085.32382365 +16.53414592  	    3.50 -15.47   	4.832
082.99633 +30.44583        	            ~ ~   	4.1
331.52869035 -39.54335163  	 -23.80 -124.58   	4.476
103.54749486 -12.03862984  	 -137.26 -15.37   	4.08
030.97480121 +42.32972842  	   42.32 -49.30   	2.1
139.04719935 +54.02185773  	    49.43 59.92   	4.832
245.48006002 +19.15312827  	   -47.39 43.81   	3.76
149.21559031 -54.56778862  	    -13.08 3.55   	3.45
212.21219393 +77.54751294  	   -30.45 32.85   	4.813
353.48828297 +31.32527939  	   50.81 -17.46   	4.993
193.50728997 +55.95982296  	   111.91 -8.24   	1.77
265.62198000 -39.02998308  	   -6.05 -25.54   	2.375
217.04344327 -29.49163566  	  -25.23 -23.03   	4.972
332.45179261 +72.34120582  	     32.85 2.68   	4.801
087.76015518 +37.30557126  	   36.85 -45.52   	4.74
073.22362480 -05.45269367  	   -17.86 25.57   	4.4
122.25682254 -19.24501446  	    -9.87 -5.55   	4.39
320.19016248 -40.80945866  	    71.92 20.38   	4.82
165.03860098 -42.22585900  	     23.28 4.29   	4.39
058.57292417 -02.95473430  	    26.00 -0.23   	4.45
173.06835030 -29.26102134  	  -19.56 144.79   	4.99
081.57297133 +28.60745172  	  22.76 -173.58   	1.65
124.12883753 +09.18554387  	  -46.82 -49.24   	3.52
189.5972889 -60.7066755    	            ~ ~   	0
246.79598379 -47.55478404  	  -13.68 -19.89   	4.525
190.379229 -48.959578      	   -193.6 -11.6   	2.88
286.35253340 +13.86347728  	   -7.25 -95.56   	2.99
320.56164853 -16.83454438  	     30.00 4.52   	4.27
233.785163 -41.166792      	    -28.2 -42.0   	3.45
290.16705555 +65.71453042  	    15.09 41.12   	4.59
146.05039632 -27.76947252  	   -53.23 37.24   	4.79
126.41513338 -03.90642162  	  -66.43 -23.41   	3.9
230.84434558 -59.32078142  	  -12.97 -34.24   	4.51
325.66461291 -18.86632413  	   145.85 -9.50   	4.738
100.244400 +09.895753      	      -9.6 -3.3   	4.683
066.372450 +17.927908      	    116.9 -33.5   	4.25
309.18180337 -02.54995563  	    9.84 -15.40   	4.903
090.01395724 -03.07425545  	    7.21 -73.42   	4.52
332.10804717 -34.04384022  	    4.55 -49.02   	4.99
155.22831614 -56.04322061  	    -18.30 1.47   	4.5
345.48026914 +42.32598150  	     22.99 0.88   	3.62
189.6074091 -60.6781201    	            ~ ~   	0
343.98708443 -32.53962041  	    11.98 33.64   	4.226
200.65806718 -60.98839383  	  -36.31 -15.50   	4.505
087.29349273 +39.18107297  	  -28.30 -24.97   	4.5
303.86801203 +47.71421137  	      5.30 2.33   	3.98
275.80676971 -61.49391035  	     3.17 -2.21   	4.379
163.32793697 +34.21487153  	  92.02 -285.82   	3.83
290.43176182 -15.95501735  	     1.34 -6.25   	4.61
070.56125671 +22.95692260  	   -2.89 -21.86   	4.264
028.382367 +19.294078      	        80 -104   	4.52
170.98105304 +10.52950540  	  141.45 -79.14   	4
216.29915428 +51.85074358  	-634.47	4.05
022.09136362 -43.31823616  	 -18.06 -208.63   	3.41
220.85567936 +26.52785176  	  -13.57 -16.08   	4.79
341.67325490 +12.17288485  	 234.18 -493.29   	4.2
236.01466214 +77.79449412  	    19.91 -1.99   	4.283
189.7857048 -60.7878231    	            ~ ~   	0
132.10821073 +05.83781343  	  -17.33 -29.41   	4.343
206.88515734 +49.31326673  	 -121.17 -14.91   	1.86
231.23239428 +58.96606512  	    -8.36 17.08   	3.29
081.119238 -02.397136      	            ~ ~   	3.594
359.75224248 +55.75492861  	     8.14 -5.01   	4.997
225.52711895 +25.00813898  	   -5.65 -48.34   	4.81
294.18031692 -01.28660030  	   -0.87 -20.39   	4.36
228.87567897 +33.31483127  	  84.74 -111.58   	3.49
283.05430944 -62.18759233  	   -1.86 -13.02   	4.207
193.66326073 -59.14670080  	  -32.92 -14.60   	4.602
241.092283 -11.373050      	    -71.5 -34.5   	4.87
329.16309937 +63.62556040  	    -0.25 -2.56   	4.9
064.12095506 -59.30215594  	 -47.53 -167.58   	4.44
063.81799845 -07.65287232  	-5660.39	4.43
260.92060050 +37.14594278  	    -39.38 7.71   	4.56
001.33392469 -05.70761886  	    -6.54 87.85   	4.61
271.36368827 +02.50009883  	 124.16 -962.82   	4.03
351.20942656 +62.28280815  	   12.29 -12.44   	4.98
006.43779316 -77.25424612  	 2219.54 324.09   	2.79
017.09617291 -55.24575803  	    20.87 30.64   	3.967
296.84692720 +18.53428891  	    -4.31 12.35   	3.82
098.74408304 -52.97560885  	    -7.65 10.54   	4.4
247.55499811 +21.48961132  	  -99.15 -15.39   	2.77
177.67382599 +01.76471973  	 740.23 -270.43   	3.6
055.73126774 +47.78754851  	   25.58 -43.06   	3.01
014.65149710 -29.35745131  	     20.13 5.31   	4.27
114.707788 -26.803833      	     -19.4 24.1   	4.429
083.784487 +09.934156      	      -2.1 -2.9   	3.47
101.83262629 +08.03725428  	  -23.80 -11.76   	4.77
101.55887578 +59.44167297  	   -19.63 -7.23   	4.87
103.90596244 -20.13649729  	    51.50 39.58   	4.687
219.900850 -60.835619      	      -3608 686   	-0.1
153.43423914 -70.03790453  	    -36.01 7.09   	3.33
028.27044623 +29.57882780  	  10.82 -234.24   	3.42
295.02413275 +18.01389059  	   15.09 -19.65   	4.38
261.65783725 -05.08659722  	  -92.50 -43.29   	4.54
082.69604545 +05.94813679  	    5.10 -33.30   	4.2
042.61859141 -75.06694740  	  -33.01 -27.30   	4.754
159.82663809 -55.60326732  	    -18.80 4.85   	4.287
299.07655092 +35.08342299  	  -33.61 -27.87   	3.88
018.43250 +07.57550        	            ~ ~   	4.86
217.05057892 -02.22796054  	  -139.53 -4.04   	4.844
188.71283575 +22.62925841  	   -58.89 28.31   	4.786
214.09591165 +46.08830570  	 -187.33 159.05   	4.18
189.8382168 -60.7869234    	            ~ ~   	0
102.46380893 -53.62244949  	    -1.99 17.58   	4.418
165.18667257 +06.10144702  	  -52.73 -23.23   	4.996
216.88143063 +75.69599213  	     8.79 21.76   	4.253
335.25644694 +46.53656835  	     22.35 1.45   	4.551
196.72766415 -49.90624509  	  -26.15 -12.03   	4.27
035.43726193 -68.65941772  	    -49.95 2.48   	4.09
343.13139638 -32.87550164  	  -32.73 -21.21   	4.501
170.251688 -54.491022      	     -39.6 -2.7   	4.08
052.26721649 +59.94033249  	    -2.24 -0.90   	4.22
351.73314942 +01.25560833  	   86.68 -94.29   	4.94
137.72943972 +63.51362647  	  102.37 -63.55   	4.648
189.5777701 -60.5729770    	            ~ ~   	0
294.84419128 +30.15332234  	     2.48 36.50   	4.685
011.04750052 -10.60955046  	  -8.96 -113.82   	4.775
325.02273533 -16.66230756  	  187.56 -22.45   	3.67
224.63302235 -43.13396385  	  -35.78 -39.83   	2.68
189.8967073 -60.7928726    	            ~ ~   	0
340.12857837 +44.27630673  	    93.83 10.71   	4.46
099.65680783 -48.22018526  	     1.60 19.01   	4.92
087.38720726 +12.65132173  	  -22.98 -18.22   	4.877
063.72442720 +48.40933088  	    5.52 -17.37   	4.16
311.852196 +36.490739      	            ~ ~   	4.76
179.90656808 -78.22183830  	   -40.34 -8.30   	4.898
140.26375310 +34.39256237  	  -223.63 15.18   	3.14
323.69401601 +38.53405692  	   115.81 94.73   	4.91
281.75530819 +18.18151841  	   84.08 118.80   	4.36
270.06582603 +04.36861564  	    1.23 -12.73   	4.6
276.04299335 -34.38461649  	 -39.42 -124.20   	1.85
105.93955437 -15.63328610  	   -0.14 -11.36   	4.12
116.31373506 -37.96858328  	    -10.18 6.34   	3.61
322.88971548 -05.57117555  	    18.77 -8.21   	2.89
043.46988359 -49.88965022  	   130.35 34.22   	3.92
294.11055981 +50.22110127  	   -8.87 262.45   	4.48
299.68928594 +19.49214669  	    66.21 22.22   	3.47
131.67728868 -56.76977561  	     -9.29 8.85   	4.49
312.95537849 -26.91912706  	    -8.36 -0.36   	4.12
316.23275955 +43.92785124  	      7.97 0.06   	3.73
004.58190606 +36.78522519  	  -65.67 -42.00   	4.52
029.16749428 -22.52678477  	   63.33 -30.10   	4.85
311.79480052 +34.37412294  	     39.24 8.04   	4.93
234.84450 +36.63583        	            ~ ~   	4.96
313.16346986 -08.98331942  	   45.75 -33.59   	4.723
184.58676912 -79.31224194  	   -37.97 11.15   	4.235
274.96545452 +36.06454696  	   -16.75 41.09   	4.34
147.86955765 -14.84660307  	   18.88 -21.85   	4.11
009.22020523 +33.71934400  	    14.75 -3.51   	4.36
280.568446 -09.052550      	      9.21 0.82   	4.71
239.87567149 +25.92016492  	     -5.97 9.81   	2
273.44087017 -21.05883169  	     0.30 -0.48   	3.85
298.95983829 -26.29953374  	   209.41 62.39   	4.7
319.966196 -53.449267      	            ~ ~   	4.483
352.50808109 +58.54892001  	     17.90 4.15   	4.882
200.981429 +54.925361      	    121.2 -22.0   	2.23
010.83849338 -57.46305758  	    -5.07 16.51   	4.365
109.523246 +16.540386      	    -45.9 -37.1   	3.559
067.969446 -00.044011      	    -1.85 -8.19   	4.908
220.76509509 -05.65820353  	 103.28 -318.63   	3.88
181.08006267 -63.16570937  	    -17.63 0.66   	4.718
044.80302232 +21.34043264  	   -13.74 -5.12   	4.66
174.17047231 -09.80224756  	    -59.38 2.55   	4.682
012.45353069 +41.07891011  	   22.77 -18.35   	4.53
038.96863913 +05.59324718  	  -26.51 -22.32   	4.88
131.69380097 +06.41880152  	 -228.11 -43.82   	3.38
042.64608245 +38.31864112  	 195.77 -109.98   	4.2
322.48706438 +23.63883806  	     24.74 3.63   	4.536
269.75663297 -09.77363329  	  -9.48 -116.69   	3.34
343.80696653 +08.81616477  	    80.57 28.50   	4.9
261.62866683 +04.14035945  	      0.72 7.03   	4.31
311.32239814 +61.83878242  	   86.50 818.02   	3.41
321.09868459 +20.02027820  	   105.35 63.51   	4.09
029.69247778 -61.56985966  	   263.66 26.77   	2.84
257.59452871 -15.72490664  	    40.13 99.17   	2.42
318.62006378 +10.00697940  	  42.39 -304.19   	4.49
251.32423394 +56.78184983  	    24.85 67.07   	4.849
135.15991945 +41.78294587  	-678.52	3.96
271.25510037 -29.58008887  	     2.62 -5.28   	4.69
100.98302608 +25.13112541  	   -5.57 -12.36   	2.98
158.00609569 -61.68533231  	   -17.01 11.50   	3.27
272.97565348 +31.40534918  	   -14.71 24.99   	4.97
231.04954586 -10.32227055  	 -66.52 -154.24   	4.928
337.87637660 -32.34607371  	   59.12 -18.83   	4.29
261.59257287 -24.17531082  	   0.10 -118.18   	4.166
084.68658057 -02.60003294  	       4.6 -0.4   	3.8
241.35929 -19.80539        	            ~ ~   	2.5
068.88765974 -30.56234160  	  -49.27 -12.72   	3.82
030.48937644 +70.90702507  	   -55.69 -8.71   	4.54
118.32565800 -48.10293435  	     -5.60 5.76   	4.24
206.42185343 -33.04372215  	-608.98	4.23
254.87654 -12.89086        	            ~ ~   	4.3
113.84539026 -28.36932596  	  -65.93 -19.73   	4.63
307.34889838 +30.36855466  	     6.89 -0.87   	4.01
305.96508624 +32.19017197  	    35.84 -5.83   	4.44
202.10753586 +13.77878851  	-811.75	4.97
093.84453775 +29.49807668  	 -70.88 -261.42   	4.35
354.53417207 +43.26807358  	    27.64 -1.02   	4.29
047.04221855 +40.95564668  	     2.99 -1.66   	2.12
270.43832849 +01.30507709  	   15.93 -13.29   	4.439
004.27291187 +38.68163617  	  -49.35 -17.65   	4.61
136.28672122 -72.60270657  	    -8.81 -5.26   	4.479
336.12912782 +49.47639378  	    -5.55 -2.85   	4.58
169.78291520 +38.18556347  	  -58.80 -65.33   	4.8
261.32495147 -55.52988522  	   -8.51 -25.24   	2.85
286.17075738 -21.74149570  	   76.35 -58.12   	3.77
332.54993865 +06.19786326  	   282.18 30.46   	3.55
233.54459205 -10.06452954  	 307.63 -234.51   	4.62
359.60363898 +51.38880585  	    85.52 17.49   	4.8
118.37422460 +26.76578479  	  -34.69 -30.10   	4.977
125.16058562 -77.48447702  	  -129.05 40.89   	4.346
144.83749785 -61.32806019  	   -34.09 18.55   	4.508
304.44667535 +38.03293131  	    -3.18 -6.45   	4.82
284.61569626 -52.93862839  	    12.18 -8.76   	4.84
105.75613381 -23.83329231  	     -2.21 3.61   	3.02
052.47810052 +58.87874987  	    -1.79 -1.09   	4.54
064.00660767 -51.48665014  	  100.79 183.32   	4.2
154.27073044 -61.33230231  	    -24.73 7.20   	3.384
161.44585364 -80.54018847  	    -36.86 5.90   	4.432
111.43164715 +27.79808135  	 -122.66 -84.03   	3.79
283.59940132 +71.29719182  	    49.53 42.11   	4.827
018.79633957 -45.53166538  	  665.13 177.63   	4.96
271.45203375 -30.42408985  	 -53.92 -180.90   	2.99
358.59596856 +57.49938146  	    -4.48 -3.73   	4.59
156.97083167 +36.70721002  	-237.99	4.21
295.26224613 +17.47604244  	    8.74 -33.41   	4.38
129.41402612 +05.70377937  	   -70.19 -7.90   	4.137
101.05021 +29.94497        	            ~ ~   	4.8
062.71078864 -41.99357048  	   199.08 70.18   	4.93
186.60026849 +27.26823762  	  -14.20 -10.32   	4.95
326.04648391 +09.87500865  	     26.92 0.44   	2.39
267.46450339 -37.04330487  	    40.59 27.24   	3.21
095.98795783 -52.69566138  	    19.93 23.24   	-0.74
331.445983 -00.319850      	    18.25 -9.39   	2.94
282.80039709 +59.38835074  	    77.47 25.37   	4.642
200.984708 +54.921822      	    121.2 -22.0   	3.88
193.58818091 -09.53899396  	  -18.08 -19.52   	4.8
122.83955663 -39.61854469  	     -8.87 3.52   	4.42
054.12241593 +48.19263304  	   22.55 -27.78   	4.23
093.71940480 +22.50679434  	  -62.46 -12.12   	3.28
066.00923853 -34.01684839  	    73.77 56.70   	3.96
251.49267367 +82.03725646  	     19.47 2.61   	4.222
226.27992 -47.05111        	        -20 -18   	4.72
093.01366479 +16.13040596  	    5.49 -16.80   	4.92
089.93029218 +37.21258463  	   43.63 -73.79   	2.62
193.35916671 -40.17887334  	   70.84 -22.54   	4.27
265.09927004 -49.41558375  	 103.22 -176.51   	4.77
043.56442116 +52.76247888  	    -1.26 -4.37   	3.96
312.49200048 -33.77972411  	    0.76 -21.07   	4.9
102.46024719 -32.50847846  	     -8.84 3.73   	3.89
131.17594410 -54.70881925  	  28.99 -103.35   	1.95
267.555008 -06.707911      	       3.3 -6.8   	4.3
064.47359336 -33.79834914  	    62.52 -7.24   	3.56
190.379308 -48.959911      	   -193.6 -11.6   	2.82
300.66450403 -27.70984562  	    32.97 14.00   	4.58
176.32100113 +08.25811528  	   60.08 -24.50   	4.845
120.30556558 -01.39260930  	   67.60 -76.26   	4.692
107.78487675 +30.24516198  	  -31.21 -48.92   	4.42
142.28706895 -02.76896247  	    99.01 -2.67   	4.6
311.91896918 -09.49577436  	   33.98 -34.77   	3.77
110.030788 +21.982339      	            ~ ~   	3.518
311.00972518 -51.92097139  	  155.80 -53.86   	4.519
130.89807315 -33.18638605  	   -14.27 10.43   	3.68
293.08995940 +69.66117649  	598.07 -1738.40   	4.68
154.27409528 +42.91435577  	 -180.65 -46.07   	3.45
212.71035855 -16.30202967  	    4.28 -10.82   	4.91
194.00694257 +38.31837614  	  -235.08 53.54   	2.88
093.719562 +22.506822      	            ~ ~   	3.32
220.287117 +13.728417      	     66.3 -20.6   	4.51
197.48746111 -05.53900515  	  -36.28 -31.22   	4.381
326.23670599 -33.02578278  	   31.10 -94.56   	4.34
165.14020046 +03.61749350  	   14.82 -16.51   	4.852
252.96762965 -38.04738039  	  -10.58 -22.06   	2.98
133.88153951 -27.68186985  	  81.90 -100.43   	4.89
302.826108 -00.821475      	     35.26 5.71   	3.22
086.82119870 -51.06651143  	     4.65 83.10   	3.86
287.08736947 -40.49670133  	   46.49 -26.18   	4.582
057.58962049 +71.33226347  	   18.17 -42.85   	4.622
046.29414106 +38.84027619  	 129.22 -105.70   	3.39
177.96344127 -65.20590704  	   -33.88 -5.13   	4.929
021.45396446 +60.23528403  	  296.57 -49.22   	2.68
284.05492290 +04.20358679  	    36.23 23.15   	4.62
158.20279865 +09.30658596  	    -5.93 -3.40   	3.87
101.32235133 +12.89559198  	-306.28	3.36
154.93402865 +19.47091509  	-446.06	4.8
110.03074909 +21.98231603  	   -15.13 -9.79   	3.53
173.25047940 -31.85762318  	 -209.62 -40.84   	3.54
197.497021 +17.529406      	   -430.1 137.8   	4.85
099.42796043 +16.39928043  	   13.81 -54.96   	1.92
063.60618391 -62.47385880  	    41.97 49.42   	3.36
136.40989586 -70.53849889  	     -4.11 8.87   	4.654
114.82549791 +05.22498756  	-1751.39	0.37
333.90383854 -41.34669561  	    47.01 22.50   	4.81
176.51255864 +47.77940629  	  -138.29 28.57   	3.72
247.78486384 -16.61273073  	  -45.35 -37.34   	4.27
207.956571 -32.994069      	    -69.6 -22.1   	4.52
083.00166706 -00.29909511  	     0.64 -0.69   	2.41
000.39875660 -77.06572478  	 -57.30 -177.06   	4.793
288.88511073 -25.25668246  	   45.50 -31.08   	4.85
044.565400 -40.304714      	     -44.6 19.0   	3.2
086.19324211 -65.73552808  	    -28.91 5.17   	4.36
321.61085348 -65.36619847  	   80.56 800.60   	4.22
115.82802908 +28.88351172  	  62.66 -230.32   	4.29
084.79644299 +04.12146652  	      0.84 0.00   	4.59
209.66978619 -44.80358582  	  -27.51 -22.44   	3.87
352.28873743 +12.76055329  	    61.40 24.82   	4.56
059.74125955 +35.79103145  	      3.62 1.74   	4.06
052.71824131 +12.93667680  	    18.25 -1.92   	4.1
218.87676734 -42.15782522  	  -34.73 -32.72   	2.31
023.48282088 +59.23204243  	  -43.03 -22.31   	4.692
203.61358035 +49.01597404  	  -128.38 28.05   	4.7
189.5950468 -60.5846051    	            ~ ~   	0
240.8833 -57.7739          	            ~ ~   	4.6
189.5716896 -60.7586171    	            ~ ~   	0
189.81152931 -07.99556457  	  -77.13 -24.73   	4.643
136.99899114 -43.43259091  	   -24.01 13.52   	2.21
052.34187580 +49.50894762  	   22.20 -29.49   	4.678
065.73371889 +17.54251353  	  106.56 -29.18   	3.76
143.55575823 +36.39756016  	    6.88 -21.91   	4.6
021.48342658 +68.13001277  	    75.50 26.93   	4.731
241.70177884 -20.66919173  	   -8.98 -23.48   	3.97
357.23144407 -28.13027069  	 100.80 -105.34   	4.57
237.73974286 -33.62716537  	   -5.10 -24.85   	3.957
019.86663703 +27.26405987  	   22.98 -11.12   	4.752
178.45769715 +53.69475973  	   107.68 11.01   	2.44
099.472588 -18.237475      	      -8.0 -8.6   	4.43
325.36937405 -77.39004341  	  66.41 -239.10   	3.743
177.78621532 -45.17346863  	   -72.46 -7.85   	4.46
242.24292297 +36.49093723  	  -37.02 340.44   	4.76
056.53556587 -12.10159117  	    55.98 59.28   	4.42
063.88356946 +08.89235624  	   19.46 -22.11   	4.28
001.12549281 -10.50952359  	   -6.85 -12.02   	4.953
075.35977498 -07.17396283  	      1.71 6.29   	4.81
042.49597183 +27.26050723  	  66.81 -116.52   	3.606
220.41145922 +08.16176435  	    -10.79 3.34   	4.865
240.47227648 +58.56525157  	 -319.51 334.97   	4
072.80151967 +05.60510342  	     -2.21 0.85   	3.68
317.58541686 +10.13157674  	  48.74 -153.03   	4.68
311.41563767 +30.71971544  	    -8.98 24.11   	4.23
230.34300699 -40.64752050  	  -19.49 -25.29   	3.203
070.14047106 -41.86375207  	 -140.39 -74.82   	4.45
280.75889700 -71.42811290  	   0.81 -158.15   	4.012
117.32356528 -24.85978624  	    -4.81 -0.89   	3.3
335.89009894 +52.22904573  	 -13.25 -186.77   	4.44
099.44029730 -43.19593338  	    -0.44 -3.87   	3.17
351.34493127 +23.40410016  	   192.19 36.12   	4.4
220.48231577 -47.38819874  	  -20.94 -23.67   	2.276
070.11046685 -19.67149158  	   29.13 -96.42   	4.3
071.37562660 -03.25466015  	   15.94 -14.52   	4
186.649463 -63.099050      	    -35.3 -12.0   	1.4
063.484937 +09.263811      	    -11.0 -37.3   	4.95
335.41406425 -01.38733418  	    129.53 7.77   	3.847
207.36933660 +15.79790563  	   -94.22 41.07   	4.07
345.96922289 +03.82004617  	    11.76 -9.85   	4.52
275.24851476 -29.82810164  	   32.54 -25.57   	2.668
030.51174881 +02.76376138  	     32.45 0.04   	3.82
250.32150433 +31.60271870  	 -461.52 342.28   	2.8
272.93055394 -23.70123659  	    7.82 -28.31   	4.98
039.87064912 +00.32850959  	    12.85 -2.94   	4.07
017.37552340 +47.24179429  	    4.05 -12.43   	4.25
000.49008320 -06.01407096  	   48.39 -40.94   	4.41
055.81208699 -09.76339122  	  -93.16 743.64   	3.54
310.86472243 +15.07457702  	  -20.44 -43.33   	4.434
159.64563672 -16.87657401  	   -98.92 25.84   	4.913
235.29740413 -44.66120634  	-435.45	4.64
146.31171343 -62.50790330  	    -12.88 8.19   	3.4
258.83743307 -26.60282143  	-1606.28	4.32
003.30896346 +15.18359354  	     1.98 -9.28   	2.84
091.53884747 -14.93525522  	   -17.61 12.79   	4.669
275.32750232 -02.89882682  	-1249.17	3.25
028.41142097 -46.30266800  	  -93.16 -91.17   	4.41
115.45525418 -72.60609907  	    33.34 14.89   	3.96
211.09729148 +64.37585053  	   -56.34 17.21   	3.68
108.70272445 -26.77266936  	    -11.88 6.87   	3.82
090.595821 +09.647289      	     11.7 -34.1   	4.3
025.91515800 +50.68873134  	   24.59 -14.01   	4.06
260.50241395 -24.99954638  	   -7.37 -23.94   	3.26
308.82723181 +14.67421319  	    45.52 11.74   	4.664
166.33294857 -27.29360991  	  -190.41 -5.96   	4.94
125.63205879 -48.49037864  	     -5.10 7.76   	4.82
254.00703853 +65.13479531  	   237.79 50.84   	4.89
291.03157891 +29.62133880  	    10.63 11.43   	4.976
298.56200766 +08.46145276  	  101.91 -81.20   	4.722
187.79149838 -57.11321346  	  28.23 -265.08   	1.64
186.63233144 -51.45063609  	  -30.66 -10.13   	4.805
112.76859477 +82.41146631  	   -3.94 -42.11   	4.96
346.19022269 +15.20526715  	   60.40 -41.30   	2.48
270.12088072 -03.69026904  	  155.51 -44.43   	4.633
014.30166743 +23.41764878  	  -43.47 -45.73   	4.42
079.81917373 +22.09649278  	   18.91 -81.57   	4.956
198.812254 -67.894586      	     -36.0 -9.5   	4.78
025.35789129 +05.48761284  	    -23.36 3.36   	4.44
082.80314749 -35.47052029  	   27.90 -34.72   	3.87
350.15934117 +23.74033605  	    29.45 -9.53   	4.592
314.95648818 +47.52095045  	      8.12 2.15   	4.75
234.94157859 -34.41191847  	    5.67 -10.59   	4.668
225.48650991 +40.39056683  	  -40.15 -28.86   	3.52
260.25156334 -21.11293508  	 263.84 -205.85   	4.39
236.06697631 +06.42562868  	   133.84 44.81   	2.63
101.96520651 +02.41215935  	  -12.41 -12.12   	4.47
349.43602989 +49.01530048  	     34.55 7.17   	4.86
290.13710155 -05.41576222  	   113.13 46.20   	4.995
066.57693198 +22.81358014  	  108.81 -46.80   	4.293
076.96243955 -05.08644597  	  -82.82 -75.39   	2.79
271.65779704 -50.09147571  	    -8.27 -8.70   	3.66
176.40174650 -66.72876221  	  -100.35 33.49   	3.65
075.49221855 +43.82330720  	    -0.86 -2.66   	2.99
138.59108361 +02.31426199  	 114.64 -313.94   	3.88
135.63621218 +67.62961888  	   -22.83 18.13   	4.76
354.98767240 +05.62629098  	 377.15 -437.43   	4.12
346.719713 -43.520353      	    -47.9 -11.9   	4.401
239.44766694 +54.74976224  	 -151.24 106.39   	4.967
208.30225 -31.92761        	            ~ ~   	4.72
246.35397604 +14.03326975  	   40.86 -59.71   	4.58
095.74011193 +22.51358275  	  56.39 -110.03   	2.87
296.56491787 +10.61326133  	    16.99 -2.98   	2.72
108.30562580 -45.18273751  	  -25.36 -87.51   	4.882
359.82787765 +06.86332117  	 150.35 -112.12   	4.036
012.17060139 +07.58508127  	   83.10 -49.58   	4.44
263.91495653 -46.50568382  	  -25.78 -38.30   	4.59
309.58450859 -01.10511976  	   14.84 -16.45   	4.33
076.14228818 +15.40410474  	   17.80 -31.15   	4.663
021.91409071 +45.40668685  	 356.99 -109.40   	4.83
348.13751583 +49.40620708  	    90.23 95.56   	4.52
046.19912808 +53.50643576  	     0.51 -5.92   	2.93
095.52845131 -33.43639785  	  -24.23 -51.40   	3.85
259.152862 -00.445319      	  -31.46 -63.13   	4.743
231.33424262 -38.73361581  	  -45.71 -11.49   	4.6
127.36451440 -44.72481212  	     -5.75 6.33   	4.99
337.31739505 -43.49556237  	    25.72 -3.32   	3.97
189.5934251 -60.6154602    	            ~ ~   	0
089.49856800 +25.95391107  	    -2.06 -1.95   	4.82
286.56224574 -04.88255574  	  -18.69 -91.02   	3.43
066.58642051 +15.61826810  	  114.31 -32.19   	4.49
146.46280542 +23.77425578  	   -45.61 -9.21   	2.98
204.97190723 -53.46639115  	  -15.30 -11.72   	2.3
034.26345899 +34.22422944  	1151.83 -246.89   	4.87
051.20332482 +09.02887470  	  -67.04 -78.04   	3.6
010.86696022 +47.02454705  	  -23.71 -36.84   	4.959
161.02881454 -63.96107040  	   -16.31 12.44   	4.786
311.6633 +16.1242          	            ~ ~   	3.91
230.18215017 +71.83401655  	   -17.73 17.90   	3.027
047.90735272 +19.72667769  	   153.33 -8.28   	4.37
354.39101088 +46.45814944  	 159.31 -422.38   	3.82
109.285650 -37.097472      	      -10.4 5.4   	2.89
345.22005339 -52.75413356  	  -63.96 -11.53   	4.125
079.89385020 -13.17678910  	    -3.30 -4.91   	4.29
304.41195781 -12.50821094  	     22.98 1.28   	4.27
290.97156179 -40.61593624  	  30.49 -119.21   	3.95
221.246762 +27.074208      	     -42.2 13.6   	2.45
214.49924812 +35.50950579  	     4.87 14.40   	4.812
135.02253772 -41.25360526  	   -40.08 54.59   	4.468
067.16558623 +15.87088182  	  108.42 -26.74   	3.41
247.728450 +01.983894      	    -21.3 -87.7   	4.15
047.37404816 +44.85754065  	 172.99 -143.40   	3.81
058.53301032 +31.88363368  	     5.77 -9.92   	2.85
359.97907339 -65.57713343  	   47.93 -22.95   	4.47
151.83313275 +16.76266119  	    -2.80 -1.82   	3.41
137.598075 +67.134011      	      7.1 -95.1   	4.813
142.93011473 +22.96796956  	  -20.17 -39.47   	4.31
355.51169216 +01.78004123  	-284.5	4.51
112.44909052 +12.00656520  	   -0.57 -18.85   	4.547
202.99118774 -06.25581719  	 -103.94 -43.87   	4.69
041.97725592 +29.24711478  	 149.47 -127.05   	4.51
279.23473479 +38.78368896  	  200.94 286.23   	0.03
186.00622584 +51.56225708  	    12.64 11.43   	4.767
260.920717 +37.145925      	      -38.6 9.2   	4.51
297.04312834 +70.26793035  	    79.31 39.08   	3.84
062.16538400 +47.71251193  	   21.73 -33.61   	4.03
286.60462559 -37.06344170  	  96.74 -281.71   	4.2
075.77394687 +21.58996187  	   68.88 -41.06   	4.626
075.61953078 +41.07583888  	    9.45 -20.71   	3.75
156.52260958 -16.83628968  	 -129.17 -79.76   	3.81
211.67061468 -36.36995474  	-1038.59	2.05
189.5951090 -60.7099750    	            ~ ~   	0
103.53313490 -24.18421104  	     -3.83 4.98   	3.87
026.34846602 +09.15773693  	    72.98 39.30   	4.26
058.42792927 -24.61223080  	    31.28 -7.49   	4.625
359.43969503 +25.14140221  	  -35.24 -31.60   	4.66
254.89603667 -53.16043647  	     2.16 22.04   	4.068
112.46421661 -23.02428659  	     -3.42 5.20   	4.86
297.043117 +70.267925      	      78.6 39.2   	3.91
204.365388 +36.294842      	            ~ ~   	4.953
139.711108 +36.802875      	            ~ ~   	3.92
336.83319771 -64.96635487  	    68.45 10.06   	4.495
342.13874302 -51.31686115  	  108.43 -64.83   	3.489
036.74634073 -47.70384021  	    19.32 -5.54   	4.25
078.35715554 +38.48449663  	  -19.18 -72.93   	4.831
009.24285078 +53.89690758  	    17.38 -9.86   	3.66
189.5982373 -60.5677779    	            ~ ~   	0
198.07331078 -59.92057893  	  -29.71 -17.40   	4.55
221.96546677 -79.04475090  	   -4.58 -15.88   	3.825
153.68398221 -42.12194258  	  -150.09 49.44   	3.85
164.94360359 -18.29878257  	 -462.26 129.49   	4.07
242.19240603 +44.93490732  	   -26.63 36.76   	4.27
321.66677642 -22.41133450  	    -2.23 18.10   	3.74
174.237212 -00.823747      	     1.76 43.37   	4.3
215.75932929 -39.51181924  	  -24.15 -21.90   	4.42
190.48570127 -59.68581972  	   -24.66 -3.66   	4.94
245.08668593 -78.69574693  	  -10.23 -37.43   	4.68
248.52576390 +42.43704042  	    -7.54 59.42   	4.196
004.85697568 -08.82391974  	  -15.15 -37.11   	3.55
079.78530918 +40.09905072  	 518.99 -665.06   	4.71
311.23955829 -66.20321410  	    -42.67 9.94   	3.426
020.58508017 +45.52877787  	     31.45 8.83   	4.875
083.78449002 +09.93415587  	    -0.34 -2.94   	3.66
028.38896143 +03.18754161  	    24.48 25.99   	4.621
010.89737874 -17.98660632  	   232.55 31.99   	2.01
097.04253114 -32.58006820  	   -14.41 25.21   	4.48
245.51811472 +01.02904261  	  -158.40 49.56   	4.82
104.03426719 -17.05424097  	     -3.56 2.42   	4.385
022.87087607 +15.34582459  	    27.14 -2.64   	3.62
154.993446 +19.841258      	   294.9 -154.0   	1.98
161.71341662 -64.38347342  	    -17.96 9.65   	4.85
068.49907161 -55.04497896  	    57.75 10.93   	3.28
006.3397 +64.1408          	            ~ ~   	-4
189.6037997 -60.6772703    	            ~ ~   	0
291.62954169 +00.33857003  	     0.57 -2.31   	4.72
178.22717287 -33.90812978  	    -56.56 0.19   	4.28
256.33385014 +54.47002762  	   -58.16 67.87   	4.92
264.32970772 -42.99782799  	     5.54 -3.12   	1.862
180.75625541 -63.31292795  	   -152.35 7.00   	4.3
155.74227525 -66.90149731  	   -22.39 11.48   	4.99
040.86296604 +27.70714536  	    2.06 -10.37   	4.67
069.07975601 -03.35246019  	     1.53 -5.01   	3.92
131.50684964 -46.04152895  	    -12.82 4.23   	3.91
237.74476884 -25.75129581  	  -14.20 -25.12   	4.638
235.67092523 -34.71040604  	  -21.37 -29.98   	4.717
010.12683778 +56.53733116  	   50.88 -32.13   	2.23
089.10122085 -14.16769969  	  -42.06 139.26   	3.72
010.33146789 -46.08500510  	    -28.20 1.80   	4.59
349.70600318 -32.53202471  	   20.13 -77.72   	4.415
061.64601498 +50.35126388  	  -12.75 -35.60   	4.29
229.72742493 -68.67954593  	  -66.58 -32.31   	2.89
101.287154 -16.716117      	 -546.0 -1223.1   	-1.09
083.18197132 +32.19202092  	    -1.52 -4.33   	4.79
332.05826970 -46.96097438  	 126.69 -147.47   	1.71
003.66006897 -18.93286514  	  -26.15 -73.58   	4.46
115.75173128 +58.71035973  	  -37.50 -52.29   	4.958
050.36066087 +43.32964971  	   -60.41 -0.81   	4.947
255.07239075 +30.92640458  	   -47.69 26.90   	3.92
297.76711756 +22.61004811  	   23.02 -15.88   	4.96
122.81794105 -12.92699866  	    -25.79 8.09   	4.72
081.18677766 +01.84644553  	     0.21 -0.21   	4.96
184.08557629 +23.94540833  	   -26.55 -6.22   	4.86
103.19724530 +33.96125485  	   -1.66 -47.31   	3.6
132.63301176 -27.70984503  	  -134.31 87.89   	4.01
170.981079 +10.529544      	    152.5 -65.2   	4.06
346.75108186 +09.40949174  	    6.41 -12.71   	4.52
233.232425 +31.359131      	     -19.6 -6.2   	4.164
160.55883500 -64.46642564  	   -17.46 11.54   	4.82
224.79035391 -42.10419636  	  -17.62 -22.51   	3.13
180.21829342 +06.61432142  	    0.26 -30.10   	4.659
296.24366059 +45.13081002  	    44.07 48.66   	2.87
253.50196463 +10.16536062  	  -53.80 -34.04   	4.38
095.67493897 -17.95591871  	    -3.23 -0.78   	1.97
253.49886042 -42.36202952  	    -1.01 -4.01   	4.79
060.32563175 -61.07882109  	    66.79 94.80   	4.974
302.18170636 -66.18206767  	1211.03 -1130.05  	3.56
216.54505742 -45.37927841  	    14.62 -7.33   	4.357
152.64698611 -12.35408162  	 -201.27 -99.63   	3.61
331.60928092 -13.86968374  	   36.89 -58.99   	4.27
083.18256716 -17.82228927  	      3.56 1.18   	2.57
122.38312556 -47.33658633  	    -6.07 10.43   	1.83
109.66824749 -24.55870016  	     -2.21 3.16   	4.95
053.23268735 -09.45825866  	  -975.17 19.49   	3.73
275.91492955 -08.93438570  	    49.59 51.24   	4.673
230.45154027 -36.26137569  	  -92.33 -85.67   	3.58
313.31147928 +44.38726134  	    11.94 -2.08   	4.77
247.72842975 +01.98392248  	  -30.98 -73.42   	3.9
233.88157836 -14.78953551  	     65.34 7.45   	3.91
224.29583370 -04.34645964  	 -96.98 -153.40   	4.49
130.82145083 +21.46850022  	 -103.51 -39.48   	4.668
131.175942 -54.708822      	    28.8 -104.1   	1.99
109.20759947 -67.95715232  	     -4.43 8.38   	3.99
014.16627086 +59.18105531  	  -92.65 -45.50   	4.632
309.38725542 +14.59508875  	  118.09 -48.06   	3.63
326.36218658 +61.12080553  	    -3.74 -2.10   	4.29
177.06056565 -66.81490800  	   31.25 -15.25   	4.751
130.60577613 -53.11398420  	   -24.83 23.21   	4.817
047.82242337 +39.61158372  	    -26.26 5.40   	4.614
184.39282150 -67.96073574  	 -231.04 -26.39   	4.02
002.35267309 -45.74742541  	 121.52 -179.83   	3.87
102.04772968 -61.94138912  	  -66.07 242.97   	3.3
048.72540545 +21.04444730  	  -27.83 -74.59   	4.88
222.75446970 -02.29915244  	  89.97 -124.57   	4.94
229.41204696 -63.61046635  	      2.57 8.45   	4.854
038.02178683 -15.24467439  	 -80.21 -146.29   	4.75
222.67635750 +74.15550394  	   -32.61 11.42   	2.08
028.73388206 -67.64730385  	    76.22 72.94   	4.695
235.685704 +26.295633      	    -107.0 47.8   	4.04
139.05030357 -57.54147241  	  -27.15 -14.18   	4.349
134.24340690 -59.22933945  	     -8.26 8.04   	4.893
151.97612736 +09.99750639  	  -81.44 -64.73   	4.38
316.78194719 -25.00585528  	  -28.09 -44.14   	4.5
272.80734684 -45.95441746  	  -15.46 -37.16   	4.521
129.92697543 -29.56108303  	  -24.81 -90.96   	4.886
086.73892066 -14.82194998  	   -14.54 -1.07   	3.545
227.21090163 -45.27985971  	  -15.88 -26.80   	4.07
085.21131240 -01.12878793  	    -1.50 -0.84   	4.95
137.01200186 -25.85853619  	     35.65 0.30   	4.56
146.774933 -65.071969      	     -22.8 17.0   	2.96
188.37059686 +69.78823584  	   -58.79 10.68   	3.89
243.85945744 -63.68568033  	    2.73 -12.92   	3.858
231.12261815 +37.37715493  	  -146.73 79.85   	4.307
114.57518921 -25.36480601  	    -3.03 -7.42   	4.7
325.52360242 +51.18962264  	     5.29 -1.78   	4.66
191.57001709 -68.10811567  	   -41.97 -8.89   	3.07
090.46009337 -10.59793237  	     -5.89 2.94   	4.94
292.42649467 +51.72977939  	   20.59 128.33   	3.769
069.53942899 +12.51083582  	  102.40 -15.78   	4.27
130.07327305 -52.92188895  	   -24.42 34.44   	3.63
034.836633 -02.977639      	            ~ ~   	3.04
342.50080479 +24.60158288  	  144.70 -41.87   	3.48
322.16498688 +70.56071519  	     12.54 8.39   	3.23
298.365392 +24.079603      	      20.4 32.6   	4.642
074.32165039 +53.75210150  	    -24.51 7.71   	4.452
226.01756698 -25.28196129  	  -71.16 -43.34   	3.21
341.63282442 +23.56565448  	   55.75 -10.15   	3.93
137.21774014 +51.60464804  	 -136.33 -32.60   	4.48
296.9083 +27.3133          	            ~ ~   	2.7
346.71971026 -43.52035715  	  -47.17 -13.49   	4.332
165.93196467 +61.75103469  	 -134.11 -34.70   	1.79
245.15908616 -24.16931920  	   -4.32 -14.15   	4.57
269.06325226 +37.25053732  	      2.67 6.47   	3.88
136.49319343 +05.09231555  	  -19.58 -11.07   	4.996
098.22595618 +07.33297062  	    -0.20 -3.48   	4.5
088.59576246 +20.27617278  	 -162.54 -99.51   	4.4
238.16892255 +42.45151845  	  438.90 629.70   	4.62
318.69788551 +38.04531782  	  196.99 410.28   	3.73
134.80189007 +48.04182614  	-656.61	3.14
235.07039227 -23.81807856  	   -17.69 -8.26   	4.96
218.01946582 +38.30825118  	 -115.71 151.16   	3.02
316.10125551 -19.85499196  	  -37.62 -24.95   	4.84
155.58160327 -41.64996096  	   -27.24 60.46   	4.83
107.55700687 -04.23710724  	   -0.47 217.36   	4.92
324.27012783 -19.46601288  	     12.79 0.28   	4.55
145.32086383 -23.59151484  	    -29.29 2.70   	4.76
331.41979874 +05.05853337  	  102.09 102.39   	4.84
066.37243082 +17.92790497  	  107.60 -34.54   	4.311
234.84447155 +36.63581655  	   -14.82 -4.74   	4.979
044.56531355 -40.30468123  	   -52.89 21.98   	2.9
267.54630381 -40.09043414  	     3.90 -2.42   	4.814
122.14852762 -02.98378780  	   -18.81 -4.50   	4.33
186.650629 -63.099206      	        -35 -18   	1.55
106.02721162 +20.57029829  	    -7.29 -0.41   	3.79
338.25025999 -61.98212194  	   40.07 -20.17   	4.81
115.31180237 -09.55113085  	  -74.61 -19.59   	3.93
078.43939860 -67.18525847  	    19.19 37.55   	4.812
271.88562802 +28.76249107  	     -0.02 8.55   	3.837
199.40118028 +05.46986726  	     -6.06 9.14   	4.8
017.375537 +47.241783      	      0.0 -10.8   	4.294
258.75796074 +24.83920697  	 -21.18 -156.48   	3.13
289.27570272 +53.36845927  	   60.07 122.83   	3.76
083.85825795 -05.90990098  	     1.42 -0.46   	2.77
236.54689311 +15.42183219  	   65.38 -38.61   	3.67
316.48678263 -17.23286169  	   79.33 -62.01   	4.07
199.60130946 -18.31119576  	-2134.05	4.74
317.39853701 -11.37169030  	   94.12 -14.62   	4.52
300.70446952 +67.87356373  	    16.44 47.31   	4.5
198.564221 -59.102883      	-404.25	4.91
252.16622951 -69.02771185  	   17.99 -31.58   	1.92
249.28974606 -10.56709152  	    15.26 24.79   	2.56
260.20692289 -12.84687591  	     43.40 2.61   	4.336
127.56612767 +60.71816987  	-241.21	3.42
195.56776973 -71.54885423  	  264.17 -22.75   	3.62
353.31926250 -20.91450430  	     -3.41 8.46   	4.709
027.39626317 -10.68640761  	 -148.11 -93.43   	4.68
210.43124620 -45.60341019  	    8.64 -16.25   	4.33
058.572787 -02.954039      	      25.5 20.0   	4.79
337.43930842 -43.74922133  	    -14.08 2.57   	4.11
022.54631015 +06.14382159  	  292.00 -45.95   	4.84
130.43056777 -15.94338462  	    3.71 -97.06   	4.873
207.94781393 +34.44423924  	  -20.02 -32.33   	4.74
108.56338299 -26.35250867  	     -6.91 3.17   	4.65
310.58477611 +19.16091994  	    -2.94 -8.37   	3.7
270.37670051 +21.59578012  	     8.36 37.46   	4.96
143.62024995 +69.83034200  	   -63.84 77.25   	4.57
290.65992 -44.45897        	            ~ ~   	4.3
312.23454662 +46.11413399  	    -2.65 -2.84   	4.86
343.00847610 +43.31241562  	   108.54 20.78   	4.957
090.97993675 +20.13845324  	     1.88 -2.10   	4.63
088.87465530 -37.12067100  	   36.90 -25.35   	4.97
085.189879 -01.943219      	        4.0 2.5   	3.7
188.11672264 -72.13298880  	   -51.34 -5.40   	3.88
248.15121625 +11.48804109  	 -178.84 -79.27   	4.85
145.28763770 +09.89230838  	 -143.20 -37.20   	3.52
261.83864879 -29.86703507  	  17.08 -138.02   	4.286
234.25604250 -28.13508129  	   -12.82 -4.15   	3.609
235.68568964 +26.29563463  	  -111.65 49.52   	3.84
074.63709208 +01.71401616  	    -1.30 -7.67   	4.474
081.28276356 +06.34970326  	   -8.11 -12.88   	1.64
244.58037393 -04.69250958  	    83.40 40.58   	3.23
189.6094915 -60.6348171    	            ~ ~   	0
204.36511590 +36.29489825  	   -95.54 23.75   	4.82
088.11016059 +01.85513772  	    -7.16 -8.24   	4.763
246.75597912 -18.45624827  	   -5.41 -21.12   	4.43
337.38259377 +47.70688687  	    -0.37 -3.33   	4.37
304.51356645 -12.54485232  	     62.63 2.66   	3.58
109.57663895 -36.73395359  	    -10.25 5.82   	4.67
065.10265956 +34.56672528  	   -25.06 -7.07   	4.933
269.15154118 +51.48889562  	   -8.48 -22.79   	2.23
281.084771 +39.670125      	      11.1 61.0   	4.991
097.20445713 -07.03305836  	      -7.0 -5.0   	4.6
249.09363300 -35.25532785  	    15.61 11.33   	4.184
226.27952481 -47.05124934  	  -22.98 -22.81   	3.89
197.96830746 +27.87818153  	 -801.44 882.04   	4.25
148.19090227 +26.00695330  	 -217.31 -54.26   	3.88
102.69143043 +41.78122964  	 -25.45 -138.19   	4.988
215.08142759 -56.38649721  	    -9.64 -7.46   	4.35
088.33185857 +27.61226051  	    3.72 -10.11   	4.557
113.649429 +31.888275      	  -206.3 -148.2   	1.93
323.49522077 +45.59183830  	  -23.79 -93.70   	4.02
059.68645604 -61.40018537  	    9.80 -14.30   	4.57
303.34944422 +56.56772220  	    61.82 82.18   	4.282
041.03062200 -13.85869806  	    -8.62 -9.07   	4.235
057.36352199 -36.20025113  	  -49.18 -57.01   	4.17
124.63880414 -36.65928864  	 -110.33 100.48   	4.4
003.65068546 +20.20670014  	     90.76 1.24   	4.8
041.23558742 +10.11414136  	  282.70 -32.53   	4.2
303.56924526 +15.19760896  	    55.03 58.14   	4.947
241.35929993 -19.80545278  	   -5.20 -24.04   	2.62
017.43301617 +35.62055765  	 175.90 -112.20   	2.05
296.60666745 +33.72759590  	  23.25 -449.31   	4.99
168.56001859 +15.42957058  	  -60.31 -79.10   	3.35
281.41552377 +20.54631030  	  -8.87 -334.56   	4.19
056.58155768 +23.94835590  	   21.13 -43.65   	4.18
154.994250 +19.840750      	   306.4 -160.8   	4.225
237.39852840 +26.06839070  	  -78.83 -65.28   	4.63
087.25402491 +24.56753388  	    10.44 -8.30   	4.894
189.5682829 -60.7142042    	            ~ ~   	0
197.26362608 -23.11806948  	  -20.08 -39.81   	4.944
276.33766980 -20.54167736  	    8.46 -28.07   	4.87
132.44849428 -45.30787704  	   -11.67 13.53   	4.943
141.16357808 +26.18232361  	  -31.64 -48.20   	4.46
229.25172425 -09.38291441  	  -98.10 -19.65   	2.62
260.49781805 -67.77066866  	   -37.85 -7.91   	4.78
156.96970319 -58.73940296  	    -14.47 2.36   	3.828
193.90086919 +03.39747034  	 -469.99 -52.83   	3.38
045.56988780 +04.08973877  	  -10.41 -76.85   	2.53
341.87111550 +83.15383011  	    24.60 47.08   	4.783
028.98946719 -51.60889791  	  680.92 283.46   	3.7
237.70402593 +04.47773087  	   128.19 62.16   	3.713
250.72402122 +38.92225357  	   35.41 -85.30   	3.5
208.30224803 -31.92760963  	   -12.72 -9.48   	4.73
107.21278443 -39.65565499  	    -10.69 7.71   	4.83
349.35738424 -58.23573020  	   -35.83 81.16   	3.98
017.86341155 +21.03465016  	   39.32 -10.48   	4.666
335.37947961 +12.20518412  	      6.32 4.80   	4.99
142.31133199 -35.95133540  	    -24.69 5.04   	4.51
068.98016279 +16.50930235  	  63.45 -188.94   	0.86
239.71297183 -26.11410794  	  -11.42 -26.83   	2.91
275.18930101 +71.33781941  	    -5.03 37.86   	4.22
047.26674943 +49.61327768  	 1262.41 -91.50   	4.05
099.47258932 -18.23747828  	    -7.32 -8.72   	4.42
189.5953607 -60.6826394    	            ~ ~   	0
044.80304 +21.34042        	            ~ ~   	4.63
226.82527528 +24.86919478  	 185.09 -163.79   	4.93
116.53102956 +18.51004292  	  -75.86 -51.78   	4.87
281.08477455 +39.67012591  	    11.09 61.39   	4.66
284.43249618 -21.10665591  	   31.72 -13.33   	3.51
091.03006433 +23.26334447  	  -1.61 -118.33   	4.15
113.650417 +31.888492      	  -206.3 -148.2   	2.97
041.38597645 -67.61661854  	    66.41 43.38   	4.834
285.42011280 -05.73911485  	  -24.41 -39.66   	4.02
276.74340017 -45.96845827  	  -16.95 -53.09   	3.477
156.09877488 -74.03161210  	  -16.29 -27.67   	4.01
134.08026252 -52.72347479  	   -15.63 14.76   	4.699
309.63057866 +21.20117963  	    74.53 -0.16   	4.82
298.11819895 +01.00565823  	     6.91 -8.21   	3.8
028.38256161 +19.29385527  	   79.20 -97.63   	3.88
064.56090374 +50.29550160  	   45.42 -56.72   	4.598
271.70788800 -43.42522122  	  10.73 -106.59   	4.94
283.62618063 +36.89861482  	     -7.36 4.06   	4.3
240.80374095 -49.22969863  	     42.05 9.14   	4.648
065.38818986 +46.49887650  	   20.06 -35.45   	4.814
262.649900 -21.482286      	            ~ ~   	-3
193.27877594 -48.94331216  	  -79.19 -24.26   	4.33
248.97063689 -28.21601709  	   -9.89 -22.83   	2.81
114.86390974 -38.30802182  	   -21.11 15.81   	4.84
077.42482376 +15.59723360  	   -2.71 -15.75   	4.82
137.59810823 +67.13401784  	   13.13 -90.93   	4.8
076.10167575 -35.48297670  	  126.17 -43.67   	4.55
084.05338894 -01.20191914  	     1.44 -0.78   	1.69
222.71963789 -16.04177652  	 -105.68 -68.40   	2.75
233.70058 +10.53908        	          -74 7   	3.8
078.322837 +02.861256      	            ~ ~   	4.48
135.90636507 +47.15652473  	  -36.19 -55.40   	3.6
264.86619203 +46.00633336  	     -7.48 4.53   	3.8
330.947717 +64.627978      	     213.9 88.6   	4.45
264.13676323 -38.63536804  	 -30.86 -205.72   	4.272
214.55790725 -81.00775833  	  -19.47 -64.51   	4.901
007.94316395 +54.52228492  	   41.20 -16.54   	4.732
090.59581950 +09.64727279  	   10.43 -39.09   	4.13
286.73503735 -27.67042191  	 -50.61 -249.80   	3.31
238.78567527 -63.43072653  	-590.51	2.85
007.889450 -62.965564      	     94.9 -48.6   	4.488
343.131383 -32.875556      	    -35.5 -43.8   	4.51
119.93397115 -03.67958515  	   -54.04 -2.80   	4.942
143.70596913 +52.05147680  	  -65.74 -37.32   	4.479
349.65621622 +68.11144271  	    54.33 10.11   	4.868
177.42108582 -63.78847913  	    -20.76 4.30   	4.313
264.39666596 -15.39855388  	  -42.10 -59.94   	3.539
244.37619567 +75.75533014  	  -90.30 257.66   	4.95
336.96467687 +04.69566681  	  77.57 -306.12   	4.8
248.36284911 -78.89714923  	 -125.51 -78.25   	3.872
240.08335535 -22.62170643  	  -10.21 -35.41   	2.32
281.41410877 -26.99077623  	     50.61 1.22   	3.161
221.24673940 +27.07422497  	   -50.95 21.07   	2.39
308.89521301 -60.58175156  	  69.86 -186.62   	4.759
113.98062377 +26.89574308  	 -34.12 -106.96   	4.06
247.35191542 -26.43200261  	  -12.11 -23.30   	0.91
088.27867089 -33.80136331  	    -4.72 31.32   	4.87
079.37120539 -34.89520677  	  92.67 -336.23   	4.83
062.96641483 -06.83757955  	    10.76 81.92   	4.04
221.31025110 +16.96427994  	  -60.69 -50.56   	4.6
057.29059410 +24.05341675  	   17.70 -44.18   	3.63
347.36165339 -21.17241145  	    55.40 30.49   	3.64
165.931954 +61.751033      	   -136.5 -35.2   	2
143.61104507 -59.22975195  	    -10.74 6.60   	4.09
151.28112034 -13.06462670  	   -39.39 19.65   	4.594
087.45692422 -56.16666132  	   81.13 -71.12   	4.504
130.02559846 -35.30835143  	    9.84 -20.80   	3.972
263.73362272 +12.56003739  	 108.07 -221.57   	2.07
196.79470844 +27.62473847  	   33.68 -69.18   	4.69
114.342117 -34.968522      	     -19.8 12.5   	4.54
076.36527238 -22.37103442  	   21.13 -73.11   	3.18
155.58224902 +41.49951920  	   -81.47 35.34   	3.05
219.90205833 -60.83399269  	-3679.25 473.67   	0.01
008.24996332 +62.93178261  	     3.65 -2.07   	4.16
131.693867 +06.418789      	   -199.4 -53.2   	3.49
044.69915176 -64.07128473  	     22.76 5.18   	4.979
051.79229464 +09.73267621  	   50.58 -39.54   	3.75
114.79138690 +34.58434563  	 -33.42 -118.17   	4.9
079.40161902 -06.84440839  	   -17.61 -9.24   	3.59
122.11435967 +51.50666818  	   -60.95 -3.11   	4.802
037.266500 +67.402417      	     -18.0 11.8   	4.61
024.42852282 -57.23675279  	   87.00 -38.24   	0.46
113.64947164 +31.88828222  	-336.64	1.58
041.27577960 -18.57255971  	   334.20 37.19   	4.46
275.07464502 +21.96129601  	   17.78 -59.59   	4.96
189.5740509 -60.7331512    	            ~ ~   	0
115.09671384 -15.26391763  	   -1.40 -26.98   	4.981
214.04137480 +51.36722965  	  -149.39 88.72   	4.75
259.41772614 +37.29149985  	   -43.05 64.36   	4.65
240.36068701 +29.85106232  	   -38.31 -6.56   	4.975
147.74732084 +59.03873572  	-446.93	3.81
037.26644916 +67.40247693  	   -26.61 38.21   	4.53
081.11923634 -02.39714754  	    -0.71 -3.46   	3.35
191.40855059 -60.98131763  	  112.93 -64.62   	4.693
140.80104579 -28.83387277  	  -128.25 20.70   	4.68
311.85224026 +36.49071491  	    14.71 -8.96   	4.54
107.966083 -00.492767      	      0.79 4.52   	4.15
189.5867909 -60.5384925    	            ~ ~   	0
319.64488470 +62.58557446  	   150.55 49.09   	2.46
022.81293646 -49.07270301  	  138.38 153.89   	3.949
122.3721917 -47.3452853    	       -0.6 9.7   	4.2
285.00344031 +32.14551465  	      6.08 9.96   	4.951
144.61370676 +04.64929058  	 -163.18 -50.88   	4.68
213.37086406 +51.78996822  	    61.03 -9.22   	4.51
037.95456067 +89.26410897  	   44.48 -11.85   	2.02
074.09281715 +13.51447033  	  -74.88 -44.33   	4.06
089.38420657 -35.28328202  	    -3.24 10.21   	4.36
077.28659645 -08.75408079  	     0.25 -1.97   	4.27
289.05433208 +21.39042608  	     0.21 -6.84   	4.77
063.72216868 +40.48367509  	   13.50 -20.50   	4.691
135.15992 +41.78294        	      -440 -248   	4.14
190.415887 -01.449342      	  -616.68 60.66   	3.484
084.72117901 -07.21282883  	  -15.04 -49.50   	4.8
201.30640764 +54.98795966  	  120.21 -16.04   	4.01
333.99240304 +37.74873293  	     8.85 -0.72   	4.15
083.70515849 +09.48957995  	     0.27 -2.26   	4.41
278.80178235 -08.24407024  	 -17.00 -313.52   	3.83
224.39586369 +65.93246026  	   -78.23 32.50   	4.54
206.81559750 +17.45690422  	  -479.53 53.49   	4.49
067.14373348 +15.96218040  	  104.97 -15.14   	3.84
205.18447230 +54.68163587  	  -19.06 -10.56   	4.66
349.29140621 +03.28228833  	   759.82 17.77   	3.7
322.18083625 -21.80718067  	   134.83 -5.73   	4.5
252.54087839 -34.29323159  	-870.83	2.29
189.29590787 -69.13556479  	  -40.20 -12.80   	2.677
089.98374698 +45.93673547  	    -2.44 -7.34   	4.25
183.95154504 -17.54193046  	  -158.61 21.86   	2.58
156.85196310 -57.63880438  	     -6.51 3.82   	4.7
318.23410806 +30.22691546  	    6.51 -68.21   	3.21
293.52230639 +07.37893877  	 213.73 -156.55   	4.45
221.50033327 -25.44317653  	-258.78	4.94
207.85808074 +64.72327019  	     1.34 -5.15   	4.66
256.20563446 -34.12293007  	     1.60 -3.28   	4.87
104.65645315 -28.97208616  	      3.24 1.33   	1.5
216.53426766 -45.22142543  	  -13.09 -14.67   	4.546
099.17098990 -19.25587942  	   62.57 -69.97   	3.91
190.0611522 -60.6334888    	            ~ ~   	0
007.88948582 -62.96556260  	   93.97 -46.32   	4.514
201.29824736 -11.16131949  	  -42.35 -30.67   	0.97
332.09586690 -32.98846901  	   78.81 -29.10   	4.5
142.88211972 +63.06186148  	   107.99 27.15   	3.67
158.86711331 -78.60778669  	   -37.61 11.08   	4.12
340.66687613 -46.88457644  	   135.16 -4.38   	2.11
078.23292366 -16.20546904  	   47.09 -16.39   	3.29
143.21430793 +51.67730032  	-1483.06	3.18
012.27621124 +57.81518773  	1086.59 -559.43   	3.44
266.97316555 +02.70727778  	  -24.64 -74.42   	3.75
193.64843562 -57.17792292  	  -30.69 -13.08   	4.04
135.61164967 -66.39607576  	   -2.00 -95.51   	4.004
163.37356349 -58.85317120  	    79.01 38.47   	3.79
033.24997971 +08.84671067  	  -26.87 -17.23   	4.35
078.63446707 -08.20163836  	      1.31 0.50   	0.13
084.41118926 +21.14254411  	    1.78 -20.07   	3.03
169.16541498 -03.65160473  	 -110.37 -37.16   	4.467
313.70251157 -58.45415606  	   20.79 -25.20   	3.65
209.56777834 -42.10075398  	  -22.77 -20.13   	3.806
125.34594439 -33.05436519  	    -11.11 2.85   	4.8
241.092462 -11.372944      	    -63.2 -27.0   	4.17
308.47577926 +35.25085165  	    -1.58 -5.36   	4.663
201.86318435 -15.97358060  	  -121.74 20.62   	4.758
042.87849045 +35.05973924  	    9.63 -63.68   	4.53
294.17680369 -24.88361911  	   68.30 -21.51   	4.598
011.18132777 +48.28436488  	    18.84 -7.18   	4.5
163.903337 +24.749722      	    -71.5 -12.8   	4.5
331.75277487 +25.34511244  	   296.53 27.29   	3.77
119.41711012 -30.33457007  	     -7.85 6.94   	4.79
313.03198339 +27.09697702  	  -75.44 -62.03   	4.576
111.78767391 +08.28931576  	  -51.76 -38.29   	2.89
270.16131745 +02.93156455  	     1.15 -9.35   	3.93
081.70928871 +03.09567231  	     1.71 -1.94   	4.595
051.08070872 +49.86117930  	   23.75 -26.23   	1.79
142.67499823 -40.46673935  	  -147.98 61.35   	3.6
233.70061506 +10.53886800  	    -71.48 3.64   	3.79
238.40299500 -25.32714131  	  -15.12 -25.18   	4.59
028.66004579 +20.80803147  	  98.74 -110.41   	2.65
298.81540380 -41.86828856  	    22.61 51.40   	4.13
032.35554961 +25.93988855  	   70.46 -34.99   	4.983
078.30782337 -12.94129064  	   -12.29 -0.79   	4.421
130.30471514 -47.31712300  	     -9.90 7.49   	4.77
118.16102761 -38.86281402  	     -8.92 3.34   	4.48
281.79363542 -04.74786864  	   -8.44 -16.37   	4.22
080.98678198 -07.80806478  	  -14.82 -45.02   	4.12
309.90953000 +15.91207326  	     53.82 8.47   	3.8
142.80549547 -57.03437716  	    -32.54 5.87   	3.179
171.15245913 -10.85932196  	   -25.65 24.96   	4.823
109.28565325 -37.09747115  	    -10.05 6.47   	2.7
189.5919042 -60.6338372    	            ~ ~   	0
262.96038137 -49.87614501  	  -33.27 -67.22   	2.95
247.84555417 -34.70436517  	  -12.05 -18.16   	4.23
060.22420250 -62.15928472  	     3.03 34.67   	4.5
307.21506035 -17.81368591  	   -14.98 -7.29   	4.803
092.98498722 +14.20876543  	    0.29 -20.12   	4.48
096.22458869 +49.28789442  	    -0.66 -1.82   	4.75
083.001658 -00.299081      	        1.7 0.6   	2.41
239.22115099 -29.21407255  	  -15.68 -24.88   	3.86
133.76178425 -60.64461106  	   -28.18 41.48   	3.8
154.99312733 +19.84148522  	 304.30 -154.28   	2.37
192.67152370 -33.99930223  	  -30.21 -14.11   	4.907
346.04576060 +50.05208957  	  166.04 166.94   	4.65
082.06134649 -20.75944105  	   -5.02 -86.01   	2.84
017.77567602 +55.14990201  	  226.77 -18.75   	4.33
347.47873899 -22.45761644  	    32.61 -9.76   	4.8
074.24842121 +33.16609957  	    6.79 -14.88   	2.69
326.76018434 -16.12728709  	 261.70 -296.70   	2.83
225.72515818 +02.09130400  	   -54.89 13.34   	4.4
114.70779496 -26.80383873  	   -16.64 21.28   	3.8
131.17124671 +18.15430650  	 -17.67 -229.26   	3.94
308.30321633 +11.30326144  	   11.96 -28.97   	4.03
336.31926188 +01.37739850  	     17.83 2.41   	4.64
189.5987900 -60.6851790    	            ~ ~   	0
123.37298832 -35.89951839  	     -7.30 9.75   	4.77
138.93783361 -37.41314465  	    14.42 -7.56   	4.62
207.46784715 -18.13416794  	  -99.65 -37.74   	4.97
170.28413955 +06.02932527  	  -92.97 -11.48   	4.044
342.39792320 -13.59263240  	  -13.71 -39.03   	3.98
252.45840017 -10.78299375  	   72.33 -78.80   	4.646
242.99995217 -10.06424119  	  -21.98 -23.74   	4.94
246.39632359 -23.44717083  	   -5.53 -21.74   	4.63
159.32558311 -48.22562079  	  -133.41 -1.82   	3.84
054.21826346 +00.40166192  	-714.52	4.3
076.66929028 +51.59772291  	 -30.49 -172.89   	4.98
277.93930368 -45.91481018  	   -3.75 -27.43   	4.916
218.67007081 +29.74512750  	  188.35 131.77   	4.47
217.050575 -02.227953      	    -140.4 -1.0   	4.84
259.33153152 +33.10010086  	    -4.14 -5.43   	4.8
269.94814616 -23.81613545  	   -2.59 -51.07   	4.731
120.87950938 +27.79434007  	  -25.52 -31.89   	4.944
190.416596 -01.449514      	        -616 60   	3.44
314.29341278 +41.16713864  	    9.64 -22.75   	3.94
312.37067351 -46.22682878  	    38.49 26.22   	4.902
233.23242560 +31.35913227  	   -20.15 -9.39   	4.13
112.27799529 +31.78454925  	  159.09 193.29   	4.18
337.82292212 +50.28249116  	   137.51 17.01   	3.77
173.69023254 -54.26409222  	   -56.17 16.19   	4.614
109.67702675 -24.95437258  	     -2.31 5.02   	4.4
131.59390494 -13.54772148  	    16.12 -6.81   	4.32
108.14010406 -46.75930414  	 -136.17 107.12   	4.49
150.05335788 +08.04422311  	  -31.41 -22.15   	4.7
160.88454229 -60.56661966  	    -14.75 3.10   	4.579
263.04403565 +55.18424274  	   147.39 54.31   	4.888
068.46215639 +14.84442312  	  103.20 -26.48   	4.65
169.61973601 +33.09430852  	   -26.84 28.69   	3.49
262.85397556 -23.96264266  	    5.24 -25.72   	4.81
069.17262573 +41.26481147  	   -4.56 -17.84   	4.26
234.51334882 -42.56734566  	  -149.80 57.37   	4.33
270.77049968 -08.18034961  	   15.78 -37.79   	4.78
309.39713645 -61.52992069  	   59.61 -72.69   	4.863
346.974388 +75.387506      	      6.0 -30.9   	4.61
241.62265382 -45.17318106  	    16.19 38.45   	4.726
018.942296 -68.875975      	    404.9 108.3   	4.86
139.71101600 +36.80259252  	 -32.33 -125.64   	3.82
082.43325883 -01.09223861  	    1.16 -25.84   	4.71
117.08400177 -47.07772182  	 -101.85 -78.08   	4.71
303.63347213 +36.80630336  	    69.81 69.14   	4.99
184.60936548 -64.00307021  	  -33.80 -10.15   	4.05
098.76411952 -22.96478820  	    13.95 18.56   	4.5
206.815596 +17.456894      	    -480.8 50.4   	4.54
056.71203413 -23.24972349  	-687.79	4.2
088.71158677 +55.70694678  	    -4.85 17.29   	4.968
006.55084095 -43.67983137  	   106.20 32.15   	3.94
052.65440929 -05.07514552  	     14.23 7.27   	4.727
325.87692107 +58.78004450  	     5.36 -3.51   	4.08
210.95585562 -60.37303516  	  -33.27 -23.16   	0.6
253.64585144 -42.36131686  	-357.16	3.62
024.19934235 +41.40545674  	-555.13	4.1
222.7200 -16.0417          	            ~ ~   	2.8
289.40866415 -18.95290777  	   -9.96 -10.60   	4.889
005.01774979 -64.87479302  	1707.42 1164.30   	4.23
281.19315564 +37.60511585  	    29.04 27.03   	4.36
141.89684460 -08.65859953  	   -15.23 34.37   	1.97
140.23672004 -62.40463342  	   -13.96 -0.19   	4.804
277.69600 +02.61444        	            ~ ~   	4.39
189.42568237 -48.54130276  	  -186.26 -6.01   	3.86
028.382383 +19.296186      	        79 -112   	4.7
238.45640859 -16.72929396  	  100.33 135.02   	4.16
342.42007060 +66.20040656  	 -65.89 -125.17   	3.54
171.22051508 -17.68400833  	    -97.42 3.65   	4.08
190.64771431 -48.81310828  	 -123.84 -30.17   	4.66
346.65340774 +59.41975992  	     6.94 -1.95   	4.84
306.41190437 -56.73508973  	    6.90 -86.02   	1.91
049.99696946 +65.65229172  	   11.25 -14.56   	4.85
068.91357960 +10.16078879  	   43.13 -52.71   	4.251
340.89680445 -18.83037658  	  -31.73 -28.54   	4.69
086.93912017 -09.66960492  	     1.46 -1.28   	2.06
176.46483156 +06.52937258  	 -18.96 -181.56   	4.04
192.92467528 +27.54071539  	    -8.77 -7.72   	4.94
060.78908193 +05.98929977  	     4.72 -3.78   	3.898
207.95667234 -32.99408521  	  -34.54 -28.21   	4.53
190.41518098 -01.44937282  	  -614.76 61.34   	2.74
242.01885336 +17.04697638  	   -35.55 -7.04   	4.994
128.83211195 -58.00922988  	    53.30 26.76   	4.853
159.68005287 +31.97623907  	      0.07 7.79   	4.689
182.91299042 -52.36845646  	  -34.92 -16.81   	3.96
059.46346687 +40.01021532  	   14.06 -23.78   	2.89
009.83197992 +30.86102175  	  114.45 -84.02   	3.28
284.26529034 -05.84631157  	   60.53 -39.92   	4.826
311.93432910 -05.02770055  	    1.68 -40.06   	4.44
290.80473937 -44.79977920  	   93.45 -54.09   	4.281
258.661888 +14.390372      	     -17.0 47.0   	3.35
131.67424952 +28.75989418  	  -21.58 -45.69   	4.028
018.94234275 -68.87592657  	  412.11 127.74   	4.25
311.52388594 -25.27089755  	 -51.96 -156.56   	4.152
068.37730151 -29.76649236  	-386.57	4.51
269.62562122 +30.18927417  	     -0.81 2.18   	4.41
156.47839728 +33.79611971  	  -73.66 -59.21   	4.73
359.66823782 -03.55598275  	  -57.13 -72.08   	4.89
087.73996750 -35.76830978  	   54.77 404.20   	3.12
269.44119046 +29.24787987  	   82.44 -18.73   	3.7
073.13318153 +14.25064486  	   -0.05 -54.81   	4.752
021.00585534 -08.18325590  	 -77.94 -206.53   	3.59
187.46606319 -16.51543126  	-349.23	2.94
244.96009277 -50.15550618  	 -159.71 -52.25   	4.02
326.16139677 +25.64503776  	    48.13 14.29   	4.159
055.59435647 +33.96502482  	     2.71 -5.91   	4.975
083.001708 -00.299136      	        1.7 0.6   	3.76
278.14384313 +57.04559809  	     0.08 -7.45   	4.781
189.6000459 -60.5857550    	            ~ ~   	0
262.60817373 +52.30138871  	   -15.89 12.28   	2.81
002.29452158 +59.14978110  	 523.50 -179.77   	2.27
245.29714880 -25.59279208  	  -10.60 -16.28   	2.89
220.48996116 -37.79349834  	  -29.92 -30.68   	4
014.18838380 +38.49934390  	   153.48 36.49   	3.87
130.15654238 -46.64874361  	     -6.05 4.66   	3.81
233.67195002 +26.71469278  	  120.27 -89.58   	2.24
240.69957352 +46.03670476  	   55.42 -61.29   	4.714
236.61089255 +07.35306802  	 -224.00 -70.64   	4.42
281.36208536 -64.87126105  	  32.40 -149.48   	4.779
182.10340218 -24.72887510  	   99.52 -39.19   	4
091.88180066 -37.25291982  	      0.12 0.41   	4.993
243.36970525 -54.63046846  	   -5.14 -22.86   	4.94
097.96402649 -23.41842169  	     -2.91 6.22   	4.33
222.84741637 +19.10047205  	  154.98 -66.43   	4.593
176.19073394 -18.35067494  	   27.79 -24.86   	4.717
129.68932277 +03.34143614  	  -19.48 -15.92   	4.43
277.20774917 -49.07058673  	 139.10 -228.66   	4.13
079.54404256 +33.37161348  	  31.63 -160.73   	4.552
249.68685863 +48.92834266  	   -47.26 26.84   	4.9
189.6025840 -60.6105210    	            ~ ~   	0
297.64135163 +32.91405824  	  -20.16 -38.34   	4.24
340.16391980 -27.04361546  	    23.22 -0.16   	4.18
343.15364336 -07.57959838  	    17.02 33.03   	3.79
221.24667338 -35.19182626  	     9.17 -2.30   	4.923
106.427112 -38.244286      	          -8 10   	4.1
121.98247583 -68.61706528  	   -29.14 29.26   	4.4
017.91515195 +30.08963635  	   73.88 -38.30   	4.523
234.18009263 -66.31703705  	   24.35 -54.47   	4.113
216.73013518 -83.66788523  	  -96.12 -13.27   	4.317
303.32522325 +46.81567845  	     13.83 3.00   	4.833
129.41096992 -42.98908040  	    -10.75 9.66   	4.14
356.76439513 +58.65198888  	    60.81 56.47   	4.881
069.545104 -14.303983      	   -76.0 -167.2   	3.89
002.81607340 -15.46797939  	 -83.38 -270.17   	4.89
272.18954758 +20.81455774  	    -1.92 -5.89   	4.355
184.976475 -00.666794      	  -57.58 -25.19   	3.9
311.55284318 +33.97025693  	  355.66 330.60   	2.48
246.95078000 -08.37172902  	  -67.49 -11.75   	4.63
189.9845185 -60.5621900    	            ~ ~   	0
229.63342899 -47.87527658  	  -29.59 -35.07   	4.274
250.76940214 -77.51743413  	-637.51	4.24
262.69098801 -37.29581348  	   -2.37 -30.09   	2.7
222.847025 +19.100625      	        139 -99   	4.675
336.833196 -64.966358      	       68.9 7.9   	4.498
206.66407403 -51.43276480  	   10.00 -27.62   	4.642
285.65304266 -29.88006330  	    10.79 21.11   	2.607
044.76531980 +35.18313038  	    -46.22 6.57   	4.93
171.98433231 +02.85626691  	    16.89 -9.81   	4.95
119.19464158 -52.98235277  	   -28.68 19.71   	3.444
031.12266087 -29.29681882  	     12.79 8.48   	4.69
201.00201096 -64.53566913  	   28.90 -21.52   	4.52
319.48451664 -32.17254209  	   54.36 -23.29   	4.721
116.32895777 +28.02619889  	 -626.55 -45.80   	1.14
317.585421 +10.131575      	    51.4 -152.5   	4.7
155.228738 -56.043317      	      -7.5 -4.0   	4.5
061.17381184 +22.08192341  	   90.53 -59.47   	4.37
264.46130452 -08.11877079  	  -11.31 -20.47   	4.62
266.43327520 -64.72387206  	  -11.96 -56.57   	3.597
121.88603676 -24.30432443  	   -83.35 46.23   	2.81
341.40784184 -53.50012091  	    30.59 17.37   	4.859
130.80614580 +03.39866297  	   -19.39 -1.08   	4.3
066.65154553 +14.71378127  	   -9.52 -31.44   	4.69
103.38711328 -20.22425492  	     -5.46 3.58   	4.83
222.90959538 -43.57536015  	  -25.20 -27.13   	4.313
059.50736229 -13.50851938  	  61.57 -113.11   	2.94
260.250921 -21.112433      	            ~ ~   	4.387
084.91225430 -34.07410972  	    1.58 -24.82   	2.65
353.24274574 -37.81826583  	    95.97 38.29   	4.37
185.08742223 +03.31257233  	 -292.95 -63.58   	4.96
283.83375928 +43.94609208  	    21.05 82.06   	4
000.93494934 -17.33599220  	    25.17 -9.16   	4.543
040.825500 +03.236167      	            ~ ~   	3.54
213.91530029 +19.18240916  	-3093.45	-0.05
073.51254332 +66.34267680  	     -0.13 6.89   	4.29
093.71389027 -06.27477445  	   -4.69 -19.30   	3.96
252.44648553 -59.04137708  	   39.73 -24.91   	3.78
207.37615183 -41.68770891  	  -26.77 -20.18   	3.39
326.03574137 +28.74263143  	 260.72 -243.21   	4.5
024.49815413 +48.62821376  	  61.95 -112.15   	3.57
226.11142641 +26.94764996  	  -175.42 -4.06   	4.55
300.27520192 +27.75357330  	     58.17 3.84   	4.663
220.62674826 -64.97513706  	-426.04	3.19
029.00011601 +68.68524062  	   14.96 -10.11   	4.97
088.79293899 +07.40706400  	    27.54 11.30   	0.42
339.34340527 +51.54512176  	 -51.83 -103.80   	4.63
302.222292 +77.711422      	      12.4 24.3   	4.4
115.88494408 -28.41088421  	   -13.73 30.01   	4.59
044.69029106 +39.66272613  	   25.65 -41.62   	4.7
254.65505070 -55.99014453  	  -17.80 -36.67   	3.127
057.149500 -37.620156      	     79.1 -11.8   	4.72
283.54240398 -22.74484020  	     2.59 -8.41   	4.859
163.49475146 +43.18995785  	   42.97 -23.62   	4.668
060.17006549 +12.49034054  	   -8.02 -14.42   	3.41
243.07585374 -27.92637382  	  -10.38 -23.94   	4.567
266.89010133 -27.83078694  	   -4.08 -10.05   	4.54
199.38558721 +40.57260763  	  -125.28 18.47   	4.715
080.11216222 -21.23976432  	   11.39 -10.30   	4.729
283.81636041 -26.29672411  	   15.14 -53.43   	2.058
172.85091980 +69.33107490  	  -40.97 -19.19   	3.85
337.207529 -00.020056      	         191 37   	4.34
207.36134063 -34.45077580  	  -41.68 -59.77   	4.19
040.82516290 +03.23581638  	-292.22	3.47
056.87115231 +24.10513565  	   19.34 -43.67   	2.87
148.02647655 +54.06433229  	    -6.00 19.16   	4.56
337.62191686 +43.12337679  	    -1.98 -5.36   	4.518
211.51153435 -41.17963300  	  -22.90 -21.69   	4.343
240.57371524 +22.80445284  	     4.03 23.60   	4.817
130.91822271 -07.23373120  	   -11.62 -1.36   	4.642
140.12091069 -09.55569595  	  -12.48 -27.37   	4.818
316.65039090 +47.64840251  	     6.53 -1.41   	4.549
219.89609629 -60.83752757  	-3614.39 802.98   	1.33
139.94325984 -11.97485110  	   -27.65 12.76   	4.783
033.30551610 +44.23165405  	  -20.90 -14.46   	4.844
082.98275078 -07.30153810  	    -0.10 -4.87   	4.63
100.24441512 +09.89575637  	    -2.61 -1.61   	4.64
340.75057261 +30.22124505  	   13.16 -25.67   	2.95
293.80411355 -48.09920113  	   -7.51 -37.19   	4.891
202.42825778 -23.28132630  	   -57.68 12.86   	4.97
240.88370590 -57.77507336  	 -120.01 -82.09   	4.63
063.59870424 -10.25628008  	  -7.19 -161.05   	4.86
070.140471 -41.863753      	   -141.1 -74.4   	4.439
076.37773654 -57.47270450  	  -30.97 117.22   	4.72
212.59972259 +25.09167762  	  -23.43 -59.79   	4.83
347.58973980 -45.24671241  	  132.50 -26.66   	3.89
177.26490976 +14.57205806  	-612.35	2.13
200.98141867 +54.92535197  	  119.01 -25.97   	2.27
006.98207790 -33.00716603  	  -20.10 -49.94   	4.81
288.13875819 +67.66154044  	    95.74 91.92   	3.07
076.101679 -35.482975      	    126.7 -43.4   	4.574
324.43795545 -07.85420276  	  114.20 -25.03   	4.69
032.12191661 +37.85907948  	  154.36 -42.76   	4.82
243.58641053 -03.69432256  	 -47.54 -142.73   	2.75
188.43560344 +41.35747912  	 -704.75 292.74   	4.25
284.90566133 +15.06830196  	  -50.75 -72.36   	4.02
056.07971685 +32.28824802  	    8.18 -10.43   	3.83
228.20661177 -44.50041259  	  -22.01 -21.75   	4.807
067.64013586 +16.19401244  	  104.56 -25.90   	4.773
045.59791413 -23.62447044  	 -147.25 -55.28   	4.09
029.48215194 +23.59606375  	  -92.55 -13.25   	4.776
083.05313545 +18.59423433  	     1.86 -4.48   	4.33
268.38220676 +56.87264285  	    93.82 78.50   	3.75
046.38505097 +56.70571828  	   -12.72 70.04   	4.774
089.88217887 +44.94743257  	   -56.44 -0.95   	1.9
195.88877199 -49.52726439  	  -47.55 -11.52   	4.83
283.77975408 -22.67133847  	  109.04 -35.25   	4.98
348.58065778 -06.04899994  	  43.12 -194.45   	4.22
084.22661744 +09.29066933  	  97.24 -305.57   	4.09
094.99833581 -02.94449348  	    -6.42 -1.26   	4.933
239.54736956 -14.27935817  	  -12.44 -16.73   	4.87
011.83468946 +24.26717801  	 -101.17 -81.77   	4.06
300.14814824 -72.91050549  	  81.78 -132.16   	3.95
287.36808739 -37.90447284  	   84.87 -95.99   	4.102
305.55709098 +40.25667916  	     2.39 -0.91   	2.23
073.15825296 +36.70318431  	   -25.52 -5.11   	4.787
086.11579539 -22.44838356  	-660.64	3.6
097.20445711 -07.03305837  	    -6.86 -2.76   	3.74
038.46126522 -28.23234453  	   -13.24 -1.79   	4.957
055.70856364 -37.31351660  	  -91.00 -70.67   	4.595
325.433021 +42.841408      	       2.9 -3.9   	3
213.22393910 -10.27370388  	    7.25 139.88   	4.21
182.02176670 -50.66127022  	   -35.16 -6.47   	4.47
075.85454013 +60.44224709  	   -6.50 -14.15   	4.02
227.98363693 -48.73782479  	  -96.50 -49.86   	3.7
218.15440278 -50.45715962  	  -29.26 -15.72   	4.416
039.89733837 -68.26694731  	     87.30 0.09   	4.106
197.49702169 +17.52945526  	 -433.13 141.24   	4.32
189.6097347 -60.7439796    	            ~ ~   	0
307.215088 -17.813708      	     -2.7 -16.5   	4.93
344.41269272 -29.62223703  	 328.95 -164.67   	1.16
056.30206575 +24.46728048  	   21.24 -40.56   	4.3
280.880217 -08.275222      	     21.06 9.11   	4.9
138.29990608 -69.71720760  	 -156.47 108.95   	1.69
264.329713 -42.997825      	       6.1 -0.9   	1.852
130.00613061 -12.47537253  	    -80.40 0.73   	4.987
175.05329043 -34.74465926  	   -43.24 -1.61   	4.7
072.65301243 +08.90018037  	    1.41 -29.91   	4.35
309.39180003 -47.29150072  	    49.24 66.53   	3.11
114.34212409 -34.96853080  	   -14.21 16.32   	4.53
012.271438 +57.816500      	            ~ ~   	3.52
040.56214871 +40.19394160  	 -17.20 -183.30   	4.92
083.84651779 -04.83835781  	     4.52 -7.11   	4.59
016.521229 -46.718500      	      -26.9 6.1   	4.1
257.19664984 +65.71468427  	   -20.43 19.61   	3.17
258.757963 +24.839192      	   -20.3 -157.6   	3.103
189.6631331 -60.6368070    	            ~ ~   	0
211.59290619 -26.68236178  	  43.70 -141.18   	3.28
111.41206721 +09.27609836  	    -4.30 -8.20   	4.998
278.37577608 -42.31250930  	   33.27 -20.72   	4.62
168.80094620 +23.09551036  	   -25.56 -6.00   	4.63
016.521033 -46.718403      	      -26.9 6.1   	4.19
266.61469448 +27.72067718  	-1041.26	3.42
263.05415296 +86.58646066  	    10.17 53.97   	4.348
120.89603141 -40.00314780  	   -29.71 16.68   	2.25
154.17256653 +23.41731168  	    18.39 -6.84   	3.41
190.47106907 +10.23562633  	   82.67 -89.08   	4.88
139.27252857 -59.27523203  	   -18.86 11.98   	2.26
348.97289510 -09.08773739  	  368.78 -17.16   	4.25
181.72041250 -64.61372899  	   33.88 -37.02   	4.145
103.660983 +13.177825      	     71.0 -79.7   	4.715
189.6117186 -60.5130667    	            ~ ~   	0
028.59885697 +63.67010079  	   32.09 -18.94   	3.37
189.96886831 -39.98730294  	  -43.38 -25.25   	4.64
277.84343786 -62.27830148  	   -1.11 -45.31   	4.64
230.78895854 -36.85848668  	  -18.24 -20.72   	4.54
168.15005658 -60.31762544  	     -5.68 2.15   	4.62
277.29939118 -14.56581441  	     3.22 -4.02   	4.686
158.30786999 +40.42556034  	   -141.66 8.17   	4.728
042.67420662 +55.89549655  	   16.23 -13.54   	3.79
254.41707438 +09.37503128  	 -292.13 -10.38   	3.2
290.65957375 -44.45895715  	   13.67 -19.03   	4.01
169.545550 +31.529289      	  -453.7 -591.4   	3.79
166.25428143 +07.33600653  	 -344.28 -47.65   	4.63
292.17637482 +24.66490346  	-233.57	4.45
067.15416174 +19.18042906  	  106.19 -37.84   	3.53
325.48038905 +71.31141838  	   119.29 95.17   	4.544
126.43414467 -66.13689027  	 -35.74 -152.22   	3.775
163.90331908 +24.74971730  	  -80.03 -15.36   	4.32
097.24077556 +20.21213490  	   -6.82 -13.10   	4.14
169.83519818 -14.77853925  	 -124.67 207.59   	3.56
265.85747375 -21.68319388  	  -97.54 -44.56   	4.873
217.95745674 +30.37143836  	 -100.90 120.73   	3.59
351.51160692 -20.64201751  	  -50.72 -64.22   	4.39
059.98118254 -24.01621661  	    12.12 16.48   	4.66
188.59681183 -23.39676040  	    1.11 -56.56   	2.64
242.998917 -19.460647      	            ~ ~   	4.349
064.31525645 +20.57859279  	  -39.41 -60.79   	4.925
069.81875960 +15.91797304  	   83.17 -20.97   	4.675
189.8088875 -60.6880592    	            ~ ~   	0
262.68462592 +26.11064481  	    18.81 16.62   	4.41
266.89617137 -40.12699704  	     0.01 -6.24   	3.02
162.40620311 -16.19364888  	   93.35 198.88   	3.11
227.9883 -48.7397          	            ~ ~   	3.71
248.52091784 -44.04531337  	     0.02 -1.98   	4.94
242.99889865 -19.46070448  	   -7.65 -23.71   	4
355.68060303 -14.54490342  	   99.28 -66.32   	4.483
094.90576908 +59.01096341  	    -5.35 23.86   	4.446
258.66190909 +14.39034061  	    -7.32 36.07   	3.06
057.38033286 +65.52597263  	   -4.03 -13.82   	4.48
237.81629103 +20.97792128  	   -53.32 18.87   	4.78
015.73586927 +07.89013487  	   -80.17 25.59   	4.28
311.66459755 +16.12428898  	 -24.17 -199.96   	4.27
125.70879166 +43.18813123  	  -25.16 -99.23   	4.25
303.94222837 +27.81424409  	    -34.27 6.41   	4.52
319.35396850 +39.39468133  	    -0.13 -3.58   	4.24
332.49684881 +33.17822156  	  -12.87 -18.95   	4.29
208.67116217 +18.39772072  	 -60.95 -356.29   	2.68
014.1772154 +60.7167403    	    25.65 -3.82   	2.39
109.52324905 +16.54038626  	  -44.43 -36.61   	3.581
337.20794520 -00.01994285  	   182.92 50.36   	3.65
214.93847831 +16.30694823  	  -141.56 60.48   	4.85
234.66403957 -29.77774878  	  -22.08 -24.46   	3.644
346.67018679 -23.74312068  	    58.86 -1.74   	4.47
165.46031890 +56.38242609  	    81.43 33.49   	2.37
191.93028656 -59.68877200  	  -42.97 -16.18   	1.25
292.94300766 +34.45296874  	     1.16 -3.47   	4.72
031.79335710 +23.46241755  	 188.55 -148.08   	2.01
221.246583 +27.074928      	            ~ ~   	4.801
009.63894207 +29.31175374  	-482.15	4.38
048.95844401 -08.81972834  	    -0.35 46.10   	4.8
039.89095219 -11.87214254  	 161.62 -230.53   	4.87
282.51998020 +33.36266944  	     1.90 -3.53   	3.42
012.20842455 +50.96816716  	   30.84 -10.02   	4.901
222.57212122 -27.96037002  	 -238.76 -61.86   	4.41
186.74707119 +26.82570003  	   -10.75 -8.88   	4.965
176.62946929 -40.50035340  	-1530.99 403.67   	4.88
036.48752334 -12.29047511  	   -11.28 -9.48   	4.869
252.309242 +45.983314      	     22.1 -56.1   	4.826
284.06098697 +04.20211858  	    42.13 23.98   	4.98
233.97186690 -44.95838838  	  -20.53 -21.23   	4.54
330.84024204 -56.78597693  	3960.93 -2539.23  	4.69
123.51217581 -40.34788974  	   45.51 -65.60   	4.44
302.35674659 +36.83962215  	     3.32 13.24   	4.93
263.06676933 +55.17295844  	   142.65 62.43   	4.865
246.99589369 +68.76813869  	   -24.06 34.48   	4.959
025.14506855 +40.57704840  	   15.99 -23.76   	4.94
100.99705272 +13.22801972  	   -2.40 -50.78   	4.49
203.69920111 +37.18241608  	    84.63 -9.34   	4.98
044.92874947 +08.90735830  	    6.01 -17.70   	4.7
048.01886400 -28.98762045  	  370.87 611.33   	3.85
079.17232794 +45.99799147  	  75.25 -426.89   	0.08
152.23433131 -51.81126075  	    -14.96 0.48   	4.849
324.48010288 +62.08193957  	    -1.64 -3.02   	4.73
276.49640558 +65.56348021  	  105.83 -27.24   	4.833
010.51623091 +50.51252542  	    12.24 -6.58   	4.81
089.78668830 -42.81513394  	   18.39 -10.87   	3.96
159.38863731 -13.38454248  	   42.59 -37.72   	4.82
181.30225203 +08.73298605  	  -218.69 57.76   	4.12
241.85136741 -20.86876440  	   44.81 -45.42   	4.33
231.95721470 +29.10570066  	  -180.17 85.92   	3.68
316.7275 +38.7458          	4133.05 3201.78   	4.84
073.56290018 +02.44067308  	      0.55 0.61   	3.73
339.81532766 +39.05026977  	    -0.32 -5.46   	4.88
091.24637120 -16.48443612  	    -5.85 -3.74   	4.93
241.36071368 -19.80190433  	   -5.07 -25.87   	4.89
225.94706520 +47.65406188  	  -445.84 19.86   	4.76
207.40411929 -42.47373045  	  -24.25 -18.64   	3.43
265.86813603 +04.56730431  	  -41.45 159.34   	2.75
335.33058063 +28.33052852  	     17.78 5.18   	4.81
329.47947306 -54.99257612  	    41.94 -3.93   	4.4
013.75064678 +58.97269745  	  -33.50 -40.82   	4.829
337.66173110 -10.67795107  	    0.30 -26.87   	4.81
168.52708927 +20.52371814  	 143.42 -129.88   	2.53
302.22228442 +77.71142087  	    11.57 24.34   	4.395
033.09283344 +30.30306751  	  -65.05 -60.50   	4.952
156.78791820 -31.06777671  	   -81.61 10.53   	4.25
346.77807952 +25.46825914  	   -0.03 -33.07   	4.74
351.99206370 +06.37899222  	 -123.58 -43.23   	4.3
030.9748046 +42.3297247    	   43.08 -50.85   	2.1
124.63147162 -76.91972123  	  111.12 107.49   	4.066
039.94995772 -42.89167634  	   88.20 -17.82   	4.75
055.56209365 -31.93836263  	     4.80 13.64   	4.97
167.41586949 +44.49848668  	  -62.02 -27.41   	3.01
074.81420727 +37.89024489  	   46.35 -97.80   	4.989
237.80804694 +35.65737975  	  -8.55 -348.44   	4.82
007.88611698 -62.95821874  	   83.64 -54.82   	4.335
114.705750 -26.801803      	     -10.6 16.3   	4.5
140.52840671 -55.01066713  	   -11.40 11.52   	2.464
185.34003901 -60.40114697  	  -170.93 91.67   	3.59
265.48481402 +72.14884670  	  25.32 -268.47   	4.56
210.41163923 +01.54453181  	   17.49 -21.27   	4.244
063.50047686 -42.29436756  	  42.02 -203.55   	3.86
253.08393884 -38.01753495  	  -11.09 -23.32   	3.544
056.29846681 +42.57855080  	    -14.45 2.53   	3.8
355.10211514 +44.33393239  	   80.73 -18.70   	4.14
034.32861264 +33.84719307  	   44.64 -52.57   	4
111.02375950 -29.30310551  	     -4.14 5.81   	2.45
340.43920671 +29.30763661  	   -0.06 -21.46   	4.79
002.09691619 +29.09043112  	 137.46 -163.44   	2.06
066.34235439 +22.29387154  	  105.10 -45.04   	4.21
030.85877576 +72.42129382  	   -43.57 22.30   	3.948
099.83260975 +42.48887824  	   -0.87 -54.97   	4.82
095.94201964 +04.59286537  	   -22.06 10.91   	4.414
214.77746812 -13.37109609  	   -15.91 28.92   	4.52
340.365550 +10.831289      	   77.22 -11.38   	3.41
078.32283394 +02.86126329  	      0.83 3.91   	4.44
048.017892 -28.989006      	    371.5 612.3   	3.98
262.77463634 -60.68384782  	  -54.01 -99.25   	3.62
318.697754 +38.045375      	    158.7 431.3   	3.83
326.69836799 +49.30956975  	     2.77 -2.00   	4.18
167.14745833 -58.97503770  	     -4.97 1.67   	3.83
117.02153497 -25.93717008  	    -10.09 4.26   	4.49
195.18208123 +56.36633616  	    107.94 2.05   	4.93
284.23761617 -67.23349530  	    -8.46 16.47   	4.4
219.47177428 -49.42582771  	  -28.26 -28.82   	4.05
239.11326123 +15.66161682  	310.93 -1282.19   	3.84
307.41249801 -02.88553069  	   70.00 -22.38   	4.912
275.21692985 +03.37716651  	      1.79 8.88   	4.857
054.27367446 -40.27454569  	    4.96 -14.44   	4.58
030.511767 +02.763731      	     41.8 -11.0   	4.11
157.75858488 -73.22149021  	     -7.00 7.66   	4.95
134.803387 +48.042314      	      -444 -226   	3.13
303.81623093 +25.59195970  	     6.93 -3.89   	4.759
052.64368937 +47.99521689  	     3.56 18.48   	4.36
225.24312556 -08.51894620  	   -63.46 -4.76   	4.93
063.48493673 +09.26382581  	  -10.31 -30.01   	4.89
220.18153260 +16.41832478  	     11.44 9.47   	4.54
299.73833006 -26.19576513  	    35.31 25.69   	4.851
189.5925822 -60.6657021    	            ~ ~   	0
107.18694658 -70.49893390  	   24.29 107.03   	3.768
158.89707172 -57.55763430  	    -15.93 0.49   	4.458
326.12789922 +17.35001585  	    8.66 -11.33   	4.35
006.57104752 -42.30598719  	 233.05 -356.30   	2.37
042.75967442 -21.00401818  	  -38.52 -16.05   	4.77
074.98223656 -12.53741619  	   39.67 -87.04   	4.782
307.39535443 +62.99410654  	   45.07 -12.59   	4.22
207.42847736 +21.26410523  	    23.13 16.88   	4.91
217.043488 -29.491658      	   -25.48 -24.1   	4.972
349.47589051 -09.18251876  	   17.13 -11.70   	4.4
245.480175 +19.153022      	     -47.4 43.8   	3.726
017.14746451 -10.18226582  	 215.61 -139.02   	3.45
056.45669401 +24.36774621  	   20.95 -45.98   	3.87
026.01701409 -15.93747951  	-1721.05 854.16   	3.5
241.64810522 -36.80229591  	  -15.33 -33.83   	4.205
087.87250169 +39.14848411  	     10.33 1.73   	3.95
283.686967 +22.645028      	       2.8 -2.0   	4.6
173.94535540 -63.01984203  	   -33.41 -7.08   	3.14
113.44984928 -14.52388960  	     -6.98 4.82   	4.97
221.56218900 +01.89288458  	 -114.03 -22.13   	3.73
018.43727646 +24.58371082  	   17.50 -22.04   	4.66
305.25280525 -14.78138307  	     44.92 7.38   	3.08
265.35363693 -12.87530795  	  -72.90 -55.55   	4.244
125.628475 -59.509481      	     -25.3 22.7   	2.01
319.47947940 +34.89689692  	     10.03 6.49   	4.42
119.56016333 -49.24491118  	     -5.34 7.12   	4.41
