318.69788551,+38.04531782,3.73,
316.7247482895925,+38.7494173194369,5.21,
319.3539685017,+39.3946813328,4.24,
324.2373967167000,+40.4135256300500,5.035,
337.6219168554,+43.1233767875,4.511,
340.1285783617,+44.2763067336,4.46,
346.9136133422700,+46.3872306074500,5.294,
356.5085293096100,+46.4202740163600,4.966,
354.3910115836791,+46.4581513114192,3.82,
002.5801941408,+46.0722722236,5.04,
010.8669570112600,+47.0245457774600,4.949,
020.5850836482100,+45.5287767357900,4.868,
021.9140863146646,+45.4066847576183,4.83,
024.8374523883700,+44.3861749765200,5.008,
030.97480121,+42.32972842,2.1,
325.0462918166400,+43.2738377488500,5.086,
335.2564469371,+46.5365683569,4.54,
337.3825937742,+47.7068868631,4.37,
348.1375158304,+49.4062070853,4.52,
349.4360302737600,+49.0153008141400,4.86,
011.1813277708,+48.2843648814,4.5,
017.37552340,+47.24179429,4.25,
022.5254229597800,+47.0072725344400,5.261,
033.3055091634783,+44.2316466494814,4.826,
040.5621440309600,+40.1939504812500,4.92,
044.6902923413800,+39.6627265502000,4.7,
046.29414106,+38.84027619,3.39,
314.2934127850,+41.1671386414,3.94,
316.2327595458,+43.9278512389,3.73,
319.6132759246900,+43.9459442077400,5,
322.3622906933300,+46.5405855474900,5.217,
323.4952210208758,+45.5918389042942,4.02,
337.8229221208,+50.2824911667,3.77,
336.1291312202000,+49.4763918290700,4.58,
339.3434052733,+51.5451217614,4.63,
012.2084228956400,+50.9681651272100,4.891,
010.5162175316100,+50.5125334455400,4.81,
024.4981541358,+48.6282137592,3.57,
047.8224233704,+39.6115837217,4.607,
047.0422185563,+40.9556466703,2.12,
305.5570909821,+40.2566791564,2.23,
313.3114792825,+44.3872613478,4.77,
326.6983679908,+49.3095697489,4.18,
335.8900989442,+52.2290457375,4.44,
009.2428507775,+53.8969075864,3.66,
017.0679289393637,+54.9201558892397,5.17,
036.4059290671700,+50.2786287040900,4.71,
036.1038166422500,+50.0065433325100,5.19,
047.3741818335442,+44.8574582857297,3.81,
050.3606615005000,+43.3296508679400,4.946,
310.35797975,+45.28033881,1.25,
312.2345483006000,+46.1141343458400,4.86,
316.6503908975,+47.6484025083,4.514,
314.9564755197900,+47.5209343740100,4.75,
325.5236024242,+51.1896226439,4.66,
356.7643932733900,+58.6519910357300,4.873,
358.5959688760500,+57.4993818715000,4.59,
010.1268377829,+56.5373311583,2.23,
012.2762274762175,+57.8151772888100,3.44,
017.7756760283,+55.1499020164,4.33,
030.5754516905400,+54.4875403155500,5.04,
041.0499442308762,+49.2284485192150,4.11,
056.2984668088,+42.5785508022,3.8,
332.7136538163,+58.2012626631,3.35,
337.2927709100,+58.4151982933,3.75,
346.6534077321,+59.4197599161,4.84,
002.29452158,+59.14978110,2.27,
013.7506487615800,+58.9726992072100,4.82,
014.1662714433700,+59.1810570241900,4.622,
014.1772154,+60.7167403,2.39,
023.4828394889600,+59.2320539143100,4.681,
020.0204852774400,+58.2316132344100,4.98,
035.5893096279400,+55.8456528759100,5.17,
043.5644905034600,+52.7624674264700,3.96,
049.6572570530000,+50.2221763049100,5.157,
049.7818303531400,+50.0949693787300,5.032,
052.6436890250900,+47.9952163484000,4.36,
303.3252244331900,+46.8156752644300,4.819,
303.8680175512000,+47.7142260923600,3.98,
307.5147539413700,+48.9515668247800,4.936,
325.8769210725,+58.7800444947,4.08,
332.8774021296000,+59.4144872958000,5.05,
351.2094265613,+62.2828081542,4.955,
008.2499633179,+62.9317826039,4.16,
021.4539644621,+60.2352840297,2.68,
042.6742066267,+55.8954965489,3.79,
046.1991280875,+53.5064357569,2.93,
051.0807087183,+49.8611792931,1.79,
052.34187580,+49.50894762,4.735,
054.1224159279,+48.1926330392,4.23,
055.7312677338,+47.7875485092,3.01,
296.2436605888,+45.1308100183,2.87,
300.3398474439200,+50.1046932813000,5.048,
326.3621865783,+61.1208055269,4.29,
324.4801005810100,+62.0819417713300,4.73,
331.2866239721200,+62.2798146027600,5.11,
331.2520784900299,+62.7856711975100,5.265,
330.94772911,+64.62797577,4.29,
339.6627156619500,+63.5844713744100,5.188,
342.4200705979,+66.2004065600,3.54,
028.5988920257000,+63.6701000663300,3.37,
046.3850479466800,+56.7057188123200,4.766,
062.1653839908,+47.7125119269,4.03,
298.9074524163700,+52.4389390157600,5.02,
303.3494442246,+56.5677222014,4.271,
319.64488470,+62.58557446,2.46,
319.8425843600,+64.8718561431,5.18,
021.4834265888,+68.1300127772,4.727,
061.6460149808,+50.3512638775,4.29,
063.7244271987,+48.4093308800,4.16,
065.3881926825000,+46.4988791227600,4.812,
294.1105598179,+50.2211012703,4.48,
297.6571813696754,+52.9879973181400,5.03,
307.3954386101400,+62.9941103348500,4.22,
311.3223981417,+61.8387824269,3.41,
025.7327636534000,+70.6225255840500,5.174,
029.0001179194500,+68.6852399760700,4.968,
064.5609037442,+50.2955015944,4.594,
070.7264017916500,+43.3651202112000,5.298,
292.4264946683,+51.7297793972,3.755,
298.3224089945100,+57.5234741390100,5.132,
322.1649868804,+70.5607151892,3.23,
325.7668470245900,+72.3200855358700,5.173,
332.4517944276000,+72.3412054806800,4.786,
346.97439069,+75.38749863,4.41,
346.9744639009500,+75.3875108575900,4.61,
024.6288245976800,+73.0400382156800,5.281,
030.48937644,+70.90702507,4.54,
030.8587757542,+72.4212938186,3.938,
069.9778376870400,+53.0795354041500,5.073,
285.3599275728700,+46.9347631894900,5.006,
289.2757027150,+53.3684592708,3.76,
287.9190870874300,+56.8592055311900,5.125,
288.4796451188499,+57.7050795588100,5.003,
300.3689347584199,+64.8209763292800,5.27,
300.7044695146,+67.8735637297,4.5,
031.3814588840500,+76.1150601248400,5.22,
072.0011371775100,+56.7571769299200,5.275,
290.1670555483,+65.7145304217,4.59,
307.8766945669800,+74.9546260726300,5.185,
031.2809342804,+77.2813400550,5.268,
057.5896204846,+71.3322634700,4.604,
074.3216503850,+53.7521015014,4.433,
079.17232794,+45.99799147,0.08,
280.6581379154,+55.5394564967,5.026,
282.8003931018900,+59.3883501472600,4.636,
288.1387581854,+67.6615404392,3.07,
293.0899592077504,+69.6611766125572,4.68,
302.2222864370300,+77.7114209860200,4.4,
073.5125433263,+66.3426767964,4.29,
075.8545401287,+60.4422470908,4.02,
076.5352197161400,+58.9723731174500,5.08,
080.8660111447100,+57.5443992073000,5.25,
278.1438441388600,+57.0455960482300,4.761,
276.4964040005700,+65.5634809288300,4.823,
283.5993828255600,+71.2971962653700,4.814,
288.8874387506500,+73.3555217541800,4.45,
287.2911727526200,+76.5605038387800,5.107,
017.1870002175,+86.2570899931,4.225,
273.4743033607241,+64.3972849333867,4.987,
275.18930101,+71.33781941,4.22,
275.26409395,+72.73284772,3.58,
037.95456067,+89.26410897,2.02,
088.7409423662000,+59.8883686548400,5.2,
088.7115289053300,+55.7069667084600,4.96,
089.8817434141460,+54.2847379628627,3.72,
089.9837413585500,+45.9367349160100,4.25,
269.15154118,+51.48889562,2.23,
268.3822067642,+56.8726428506,3.75,
262.9911298304400,+68.1350252214800,5.074,
265.4835932089400,+72.1488687827700,4.55,
251.4926816843900,+82.0372582842900,4.212,
263.0541529529,+86.5864606603,4.336,
094.4784128017,+61.5152847431,5.05,
264.8661920254,+46.0063333639,3.8,
103.4260344550600,+68.8883110069500,5.096,
102.7378712200600,+67.5719342231200,5.122,
094.9057690812,+59.0109634094,4.434,
096.7036345972600,+58.4174080228800,5.197,
096.2245897925400,+49.2878920061000,4.75,
262.6081737329,+52.3013887086,2.81,
257.1966498433,+65.7146842733,3.17,
236.0146621467,+77.7944941236,4.274,
232.8538067097200,+77.3493599610900,4.982,
256.33385014,+54.47002762,4.92,
250.2296621942,+64.5890446008,4.842,
246.9958940211100,+68.7681370862700,4.949,
212.2121921446600,+77.5475097813300,4.805,
104.3191885867,+58.4227612319,4.35,
101.9148995443900,+48.7894843761700,5.216,
100.7707169845900,+44.5244494671300,5.02,
245.9978597020000,+61.5142097608500,2.74,
230.1821501629,+71.8340165447,3.002,
229.2745394303000,+71.8239020380200,5.015,
216.8814306304,+75.6959921272,4.235,
222.67635750,+74.15550394,2.08,
104.4046128688,+45.0940945581,4.893,
252.30924256,+45.98332279,4.823,
249.6868542052700,+48.9283423250600,4.9,
240.4722764917,+58.5652515656,4,
145.7382868586700,+72.2526176316300,5.142,
143.6202478032700,+69.8303407060800,4.57,
135.6362144884100,+67.6296174495200,4.76,
115.7517312754,+58.7103597228,4.947,
137.59810823,+67.13401784,4.8,
137.5981111064500,+67.1340171590100,4.813,
137.0979153015200,+66.8732339353000,5.136,
130.0534048626200,+64.3279361786700,4.61,
127.5661256526667,+60.7181682239411,3.42,
111.6785494554,+49.2115251881,4.61,
231.2323942771,+58.9660651236,3.29,
211.0972914721,+64.3758505267,3.68,
187.5277583191100,+69.2011039547000,4.95,
188.6834136981300,+70.0217792479300,4.946,
188.3705971535600,+69.7882388589500,3.89,
172.8509198017,+69.3310748933,3.85,
142.8821197175,+63.0618614831,3.67,
137.7293415982000,+63.5136712128700,4.64,
138.5855918192700,+61.4233169622000,5.2,
242.1924009085400,+44.9349059320400,4.27,
240.6995742429300,+46.0367038658700,4.709,
207.8580807421,+64.7232701933,4.66,
193.8689523507200,+65.4384742023700,5.225,
122.1143596729,+51.5066681853,4.797,
165.93196467,+61.75103469,1.79,
147.7473252344596,+59.0387336232178,3.81,
138.9574235064200,+56.7414071128600,5.266,
238.1689210382104,+42.4515174663547,4.62,
146.6319357270200,+57.1280688806900,5.2,
139.0471959006300,+54.0218573292200,4.805,
137.2177401354,+51.6046480467,4.48,
225.9467901669609,+47.6539772391100,5.136,
213.3708653298600,+51.7899674584600,4.51,
214.0413740117000,+51.3672301954700,4.75,
216.2991542862,+51.8507435817,4.05,
200.9846746374000,+54.9218093821200,3.88,
200.9814261688220,+54.9253598833028,2.22,
201.3064076387,+54.9879596614,4.01,
205.1844722950,+54.6816358714,4.66,
195.18208123,+56.36633616,4.93,
193.5072899675,+55.9598229569,1.77,
183.8565026362,+57.0326154461,3.32,
165.4603189042,+56.3824260867,2.37,
158.7903905670100,+57.0826353653100,5.148,
148.02647655,+54.06433229,4.557,
143.7059691292,+52.0514768028,4.463,
143.2143078912,+51.6773003061,3.18,
135.90636507,+47.15652473,3.55,
134.80189007,+48.04182614,3.14,
125.7087916525,+43.1881312297,4.25,
232.7323316637200,+40.8330484081500,5.026,
232.9457626901900,+40.8993348630300,4.978,
234.4566585742900,+40.3534346735600,5.254,
233.8121609003400,+39.0100674186300,5.11,
212.0720947991800,+49.4581656798200,5.25,
178.4576971525,+53.6947597292,2.44,
163.3935503272700,+54.5851273979800,5.111,
148.9291741490700,+49.8198430132600,5.269,
132.9867942769400,+43.7266040012400,5.148,
214.0959116521,+46.0883057017,4.18,
206.88515734,+49.31326673,1.86,
203.6135803512,+49.0159740358,4.7,
199.5604563801600,+49.6820636679600,5.15,
186.0062261893600,+51.5622568435500,4.761,
147.1473806186700,+46.0210073931700,5.1,
138.4508882421300,+43.2178316535900,5.282,
135.15991945,+41.78294587,3.96,
225.4865099108,+40.3905668353,3.52,
184.9529608151300,+48.9841463651900,5.29,
176.5125586421,+47.7794062925,3.72,
218.0194658183,+38.3082511861,3.02,
167.4158694850,+44.4984866806,3.01,
154.2740802357300,+42.9144138051900,3.45,
149.4210601369600,+41.0556318850600,5.104,
144.5907349421400,+40.2397933270100,5.276,
045.56988780,+04.08973877,2.53,
045.5979139967592,-23.6244717234822,4.09,
047.9073527192,+19.7266776942,4.37,
048.7254096668000,+21.0444470081400,4.869,
049.8404013354,+03.3701986497,4.85,
048.1934856987800,-01.1960988358300,5.07,
048.9584403589200,-08.8197323836200,4.8,
049.8791759887,-21.7578624869,3.7,
049.5921043346,-22.5111164083,4.875,
048.0188639875,-28.9876204678,3.85,
050.6885055610783,+20.7420671867628,5.13,
052.7182399031300,+12.9366696397700,4.1,
052.6019465162,+11.3364409908,5.124,
051.2033263270900,+09.0288696200100,3.6,
051.7922524135600,+09.7327419509000,3.75,
052.6544092917,-05.0751455233,4.725,
053.2326853798279,-09.4582609705181,3.73,
055.5943564692,+33.9650248119,4.972,
056.07971685,+32.28824802,3.83,
056.2189036742,+24.1133364492,3.7,
054.2182654350700,+00.4016644716192,4.3,
056.1271271095100,-01.1630909663000,5.25,
055.8120855748129,-09.7633919321942,3.54,
054.0725171230000,-17.4670756411100,5.23,
053.4469838683,-21.6328841764,4.3,
055.5620939168000,-31.9383622752800,4.973,
055.7085636446,-37.3135165961,4.583,
057.3861818132600,+33.0913645735200,5.11,
058.5330103129,+31.8836336839,2.85,
056.3020657508,+24.4672804806,4.3,
056.4566940083,+24.3677462111,3.87,
056.5815576783,+23.9483559011,4.18,
057.2905941050,+24.0534167436,3.63,
057.2967358241300,+24.1367101977800,5.09,
056.8711523037,+24.1051356519,2.87,
057.0677782225700,+11.1432989279500,5.07,
058.57292417,-02.95473430,4.45,
056.5355634167500,-12.1015884820100,4.42,
056.9152087262800,-23.8746774630200,5.235,
056.7120304943742,-23.2497228029747,4.2,
058.4279264844000,-24.6122281715400,4.623,
058.4122808075100,-34.7322973066800,5.092,
057.3635219946,-36.2002511222,4.17,
057.14948851,-37.62015040,4.27,
057.1478236955500,-37.6220034472700,5.25,
059.4634668633,+40.0102153175,2.89,
059.7412595488,+35.7910314458,4.06,
061.7519039747200,+29.0013081318500,5.2,
061.6517191453200,+27.5999000415600,5.172,
061.1738118396,+22.0819234117,4.37,
060.1700654896,+12.4903405381,3.41,
060.7890819292,+05.9892997683,3.883,
060.3835295860400,-01.5496586449100,5.28,
059.5073622871,-13.5085193806,2.94,
059.9811823664000,-24.0162158876300,4.66,
063.7222183365200,+40.4836403779900,4.691,
064.3152546936800,+20.5785973794900,4.914,
063.8835752501900,+08.8923550849400,4.279,
063.3878768587500,+07.7161159632400,5.29,
062.9664148333,-06.8375795522,4.026,
063.8179984124771,-07.6528696608383,4.43,
063.5986995752300,-10.2562834617100,4.9,
064.4735933612,-33.7983491397,3.56,
065.1026579474700,+34.5667259437500,4.929,
065.0884004052200,+27.3507523051600,4.951,
066.3423543858,+22.2938715375,4.201,
066.3542301957100,+22.1999987548900,5.264,
066.5769319833,+22.8135801383,4.282,
067.1541677296646,+19.1804342058139,3.53,
064.9483493712,+15.6276431728,3.65,
065.7337298316400,+17.5425138339900,3.76,
066.0240060548400,+17.4441309172100,4.8,
066.3724363277679,+17.9279065118844,4.298,
067.1437334754,+15.9621803978,3.84,
066.5865450853900,+15.6183011354500,4.48,
067.1655900464400,+15.8708746495500,3.41,
067.1098746163000,+16.3596749458100,4.969,
065.1512931840200,+15.0954528235100,5.242,
066.6515476902800,+14.7137818582000,4.69,
067.2090150887400,+13.0476019996100,5.014,
065.96593970,+09.46097053,5.098,
065.9202168130100,-03.7454680670200,5.165,
066.0091930598800,-34.0168495118300,3.96,
069.1726257250,+41.2648114722,4.26,
069.8187596042,+15.9179730419,4.665,
068.98016279,+16.50930235,0.86,
069.7884301086900,+15.7998364560200,5.076,
068.4621576344400,+14.8444282382200,4.65,
069.5394245577800,+12.5108369601800,4.27,
068.9136092129300,+10.1607532347200,4.25,
067.9694526219000,-00.0440110657400,4.896,
069.4005525378700,-02.4735488128500,5.209,
069.0797560079,-03.3524601883,3.928,
068.5484519042100,-08.2313515536800,5.188,
069.5451004017046,-14.3040231848422,3.87,
070.1104642612400,-19.6714918735900,4.3,
068.3773010543300,-29.7664918490700,4.51,
068.8876597308,-30.5623415919,3.82,
072.4776644021,+37.4882759922,4.867,
070.5612468549800,+22.9569028148300,4.258,
072.8435980464800,+18.8398571851200,5.085,
072.6530124271,+08.9001803703,4.35,
072.4600454404,+06.9612745261,3.19,
072.8015196700,+05.6051034181,3.68,
071.3756265908,-03.2546601561,4,
072.5484006493200,-16.2171599104500,5.028,
070.5145095764800,-37.1443302403400,5.05,
075.4922265361500,+43.8233103098100,2.99,
075.6195307833,+41.0758388847,3.75,
073.1582514404900,+36.7031880873500,4.779,
074.2484212029,+33.1660995775,2.69,
075.7739438505300,+21.5899611960900,4.615,
073.1331766686900,+14.2506420850500,4.721,
073.6953965534000,+11.4259830647500,5.184,
074.0928165302554,+13.5144687843022,4.06,
073.7238698583,+10.1508320000,4.648,
073.5629043524100,+02.4406716584600,3.73,
074.6370928727500,+01.7140135367600,4.459,
073.2236248062,-05.4526936669,4.4,
075.3597749829,-07.1739628342,4.81,
074.9822366279800,-12.5374167856700,4.77,
076.6287223892,+41.2344757558,3.18,
078.3571750981100,+38.4844987827500,4.821,
076.9516651361000,+20.4183764462800,5.28,
076.1422881796,+15.4041047425,4.661,
077.4248214417900,+15.5972130472000,4.82,
078.32283394,+02.86126329,4.44,
076.6902199507800,-04.6551669514300,5.12,
077.1820779672500,-04.4562082861600,5.119,
076.96243955,-05.08644597,2.79,
078.63446707,-08.20163836,0.13,
077.2865964508,-08.7540807842,4.27,
078.0745912671,-11.8692184108,4.45,
078.2329290170900,-16.2054634997500,3.29,
076.3652723742,-22.3710344147,3.18,
076.10167575,-35.48297670,4.55,
080.4517356049500,+41.8045720426000,5.207,
079.7853143746338,+40.0990514113722,4.71,
081.1630894957300,+37.3853491002900,4.996,
080.0038379134200,+33.9580541273000,5.03,
078.8516424855700,+32.6875999110500,5,
079.8191924038500,+22.0965059495500,4.948,
081.28276356,+06.34970326,1.64,
080.7083499439100,+03.5444587383900,5,
081.1867807701300,+01.8464449765800,4.96,
080.4406139864200,-00.3824668706100,4.74,
081.1204040751900,-00.8913348192400,5.072,
081.11923634,-02.39714754,3.35,
079.4016190192,-06.8444083853,3.59,
080.9867819850,-07.8080647789,4.12,
079.9959299667000,-12.3155862644100,5.284,
079.8938502021,-13.1767891086,4.29,
080.8756501880000,-13.9273529193400,5.229,
079.3712030790154,-34.8952007672378,4.83,
081.9120159199300,+34.4758797062400,5.059,
083.1819713242,+32.1920209194,4.79,
081.57297133,+28.60745172,1.65,
081.9086835996,+21.9369649461,4.868,
083.0531354467,+18.5942343303,4.33,
083.7051584875,+09.4895799483,4.41,
083.78449002,+09.93415587,3.66,
084.2266190535671,+09.2906712530075,4.09,
083.7844836696300,+09.9341642573100,3.47,
082.69604545,+05.94813679,4.2,
081.7092888467100,+03.0956728206000,4.611,
082.4332583730200,-01.0922384262200,4.71,
084.05338894,-01.20191914,1.69,
083.00166706,-00.29909511,2.41,
083.84651779,-04.83835781,4.59,
083.9145173151600,-04.8560665491000,5.234,
083.8186095697000,-05.3897005033000,5.13,
083.8582579471,-05.9099009825,2.77,
082.9827507829,-07.3015380992,4.63,
083.1825671617,-17.8222892722,2.57,
082.0613464950,-20.7594410531,2.84,
082.8031145015800,-35.4705066018300,3.87,
084.9341699761700,+25.8970944513900,5.166,
084.4111892629,+21.1425441122,3.03,
085.3238236496,+16.5341459164,4.836,
086.9287809987600,+13.8995960938800,5.29,
084.7964429883,+04.1214665208,4.59,
085.6193009569400,+01.4746293993900,4.9,
084.6865224285500,-02.6000786610800,3.79,
085.18969443,-01.94257359,1.77,
084.7211799359400,-07.2128297721500,4.8,
086.9391201683,-09.6696049186,2.06,
086.7389206612,-14.8219499842,3.525,
086.1157942373250,-22.4483854878483,3.6,
086.4995625995600,-32.3064339616100,5.18,
084.9122542996,-34.0741097197,2.65,
089.8821788683,+44.9474325719,1.9,
087.2934927325,+39.1810729731,4.5,
087.8723727421000,+39.1485239126500,3.95,
087.7601553690100,+37.3055696949700,4.74,
089.93029218,+37.21258463,2.62,
088.3318585721,+27.6122605103,4.552,
089.4985680050,+25.9539110664,4.82,
087.2540456243800,+24.5674607511900,4.873,
088.5957624554,+20.2761727883,4.4,
087.3872072596,+12.6513217281,4.875,
088.79293899,+07.40706400,0.42,
088.1101607375500,+01.8551378642800,4.75,
089.7065613467600,+00.5529823367400,5.2,
089.7679722026200,-09.5582527790400,5.029,
089.1012228768754,-14.1676995376703,3.72,
087.8304001160367,-20.8790918488403,3.85,
088.2786734394400,-33.8013632178600,4.87,
087.7399674962,-35.7683097808,3.12,
089.3842065700,-35.2832820211,4.36,
088.8746450870400,-37.1206831582200,4.961,
089.7866883054,-42.8151339389,3.96,
091.03006433,+23.26334447,4.15,
090.8640164246600,+19.6905628225500,5.13,
090.9799348776800,+20.1384522614900,4.63,
091.8930244829,+14.7684739156,4.397,
090.4600913435200,-10.5979308673600,5.01,
091.5388494706400,-14.9352553871600,4.663,
091.2463727172200,-16.4844358996200,4.93,
091.9234922694200,-19.1658665529700,5.279,
091.8818034342700,-37.2529192305000,4.994,
093.8445377567,+29.4980766786,4.35,
093.7193553605537,+22.5067873271708,3.28,
093.0136647904,+16.1304059564,4.92,
092.9849872129,+14.2087654294,4.48,
093.7138902688,-06.2747744475,3.96,
094.9283334911900,-07.8229059182200,5.252,
095.0783001658,-30.0633667339,3,
095.5284372868000,-33.4363989475600,3.85,
094.1380629987,-35.1405175028,4.37,
095.74011193,+22.51358275,2.87,
097.2407755592,+20.2121348956,4.14,
098.2259495923200,+07.3329696976200,4.5,
095.9420225716300,+04.5928823613700,4.398,
096.8073378184900,+00.2992441992800,5.186,
096.9898693796,-04.7621535781,5.041,
097.20445711,-07.03305837,3.74,
097.2059275162871,-07.0344002237272,5,
095.6749389696,-17.9559187089,1.97,
097.9640264908,-23.4184216917,4.33,
097.0425311337,-32.5800681911,4.48,
099.8326134822500,+42.4888765763000,4.82,
098.8002590172700,+28.0223108039300,5.26,
100.9830260792,+25.1311254122,2.98,
100.6013634121,+17.6453088431,5.21,
099.42796043,+16.39928043,1.92,
100.9970297819400,+13.2279999015900,4.49,
100.24441512,+09.89575637,4.64,
099.4725890920300,-18.2374806850100,4.43,
099.1709898983,-19.2558794181,3.91,
098.7641148024600,-22.9647954166900,4.5,
101.1186129347900,-31.0705256549500,5.17,
099.4402973029,-43.1959333808,3.17,
102.6914303395700,+41.7812305477500,4.975,
103.1972452958,+33.9612548506,3.6,
102.8876932620800,+21.7611452911700,5.259,
101.3223513354,+12.8955919797,3.36,
103.6609922819879,+13.1778453179544,4.715,
101.8326257118700,+08.0372563528400,4.77,
101.9651995234800,+02.4121763919800,4.47,
103.5474952553600,-12.0386281010500,4.08,
101.7128846556200,-14.4259754830300,5.272,
104.0342671942,-17.0542409633,4.385,
103.9059601613300,-20.1364969045300,4.664,
103.3871132796,-20.2242549208,4.83,
103.5331344588300,-24.1842109726400,3.87,
102.4602471929,-32.5084784672,3.89,
101.8391636721200,-37.9296972274800,5.26,
105.6032499688300,+24.2154462533000,5.181,
106.0272116263,+20.5702982975,3.79,
105.7282361350,-04.2392326886,5,
105.9395543688,-15.6332861031,4.12,
105.7561338125,-23.8332923078,3.02,
104.65645315,-28.97208616,1.5,
105.4297824358,-27.9348304928,3.47,
104.6045369749200,-34.1116901177400,5.068,
106.0116419400,-42.3372795719,5.191,
107.9138605249800,+39.3205503384800,4.886,
107.7848763073704,+30.2451637698539,4.42,
109.5232454980700,+16.5403859947900,3.559,
108.3428159794000,+16.1589642189300,5,
107.9660865800,-00.4927696736,4.15,
107.5570062610300,-04.2371069597900,4.92,
109.1534773210400,-23.3155939638500,4.79,
107.0978502142,-26.3931995789,1.84,
108.7027244433,-26.7726693650,3.82,
109.6682455640400,-24.5586995134800,4.95,
109.6770267463,-24.9543725831,4.4,
108.5633829896,-26.3525086683,4.65,
109.5766389554,-36.7339535894,4.67,
109.6591058146800,-36.7427374811400,5.11,
109.28565325,-37.09747115,2.7,
107.2127844325,-39.6556549856,4.83,
109.6396354728900,-39.2102841972200,5.243,
111.0352814953800,+40.6723888559700,5.188,
110.5109066819800,+36.7605836024500,5.12,
112.27799529,+31.78454925,4.18,
112.3351701736200,+28.1182762995100,5.064,
112.4531745852000,+27.9161203620500,5.01,
111.4316471500,+27.7980813469,3.79,
110.8687970761500,+25.0505312834400,5.022,
110.0307490954,+21.9823160392,3.53,
111.9348222072700,+21.4452790250300,5.24,
110.4869241276400,+20.4436581324800,5.08,
112.4490905217,+12.0065652036,4.531,
111.4120820166000,+09.2760904223900,4.986,
112.0408095289700,+08.9255244800600,4.3,
111.7876739054,+08.2893157625,2.89,
112.0086451902400,+06.9419706076400,5.22,
111.02375950,-29.30310551,2.45,
114.7913944263900,+34.5843063308600,4.9,
113.64947164,+31.88828222,1.58,
113.9806250590500,+26.8957444986000,4.06,
114.8691390334500,+17.6745218379400,5.05,
113.4020065796,+15.8266608119,5.263,
114.82549791,+05.22498756,0.37,
113.0247867805900,+01.9144796757500,5.233,
114.3195459425700,-04.1109816312800,5.131,
115.3118023700,-09.5511308564,3.93,
115.0967101784401,-15.2639196417900,4.951,
114.5751892067,-25.3648060192,4.67,
113.57756940,-23.47366501,5.09,
114.7057297618600,-26.8017568161600,4.5,
114.7077947219200,-26.8038471632100,4.429,
113.8453817505200,-28.3693347863800,4.63,
114.34212409,-34.96853080,4.53,
114.8639097396,-38.3080218219,4.84,
116.8763492684900,+33.4156968635200,5.14,
115.8280290804,+28.8835117197,4.29,
116.0288123786400,+25.7841601231000,5.289,
116.32895777,+28.02619889,1.14,
116.1118898717,+24.3979964519,3.57,
116.5310350776600,+18.5099981036000,4.87,
116.5675051476100,+10.7682517049600,5.237,
117.9249530282500,+01.7668684614100,5.16,
116.4869565190600,-14.5638051956400,5.026,
117.4216726086000,-17.2284084655600,5.162,
117.3235652742,-24.8597862414,3.3,
117.0215349738,-25.9371700767,4.49,
115.9519530092,-28.9548255597,3.93,
115.8849445223200,-28.4108857483300,4.59,
116.3137350671,-37.9685832797,3.61,
115.9247042761400,-40.9337464496700,5.17,
118.0542993801800,-40.5757817321400,3.696,
120.8795820638200,+27.7943508126400,4.937,
118.3742006609200,+26.7657814063900,4.963,
120.5664038383367,+02.3345719017650,4.38,
120.3055655842,-01.3926093036,4.68,
119.9339710964100,-03.6795856697600,4.934,
119.2147458175,-22.8801205517,4.184,
119.7738126242700,-23.3103965337200,5.11,
119.4171094421400,-30.3345712422800,4.79,
120.89603141,-40.00314780,2.25,
118.1610276042,-38.8628140186,4.474,
121.2687043022200,+13.1182165126500,5.136,
122.1485276167,-02.9837877944,4.33,
122.8179410425,-12.9269986597,4.72,
123.3331964883200,-15.7882246748900,4.99,
122.2568225383,-19.2450144608,4.393,
121.8860367646,-24.3043244294,2.81,
123.3729883200,-35.8995183961,4.77,
122.8395559592600,-39.6185441098400,4.42,
124.1288375337,+09.1855438678,3.52,
126.4151333783,-03.9064216167,3.9,
125.3459417878300,-33.0543650790700,4.8,
124.6388041308,-36.6592886403,4.4,
131.6742518185500,+28.7598931360400,4.018,
130.8214508296,+21.4685002203,4.652,
131.1712467108,+18.1543064986,3.94,
131.69380097,+06.41880152,3.38,
129.4140311366300,+05.7037877622300,4.131,
132.1082107329,+05.8378134256,4.337,
129.6893227704,+03.3414361381,4.43,
130.8061458029,+03.3986629753,4.3,
130.9182227138,-07.2337311914,4.625,
130.0061310033100,-12.4753747291200,4.969,
131.5939350242800,-13.5477236486600,4.32,
130.4305673614300,-15.9433853547100,4.866,
129.4673032981200,-26.2550001261100,5.27,
129.9269751436600,-29.5610845940200,4.872,
130.8980731433,-33.1863860522,3.68,
130.0255984608,-35.3083514275,3.954,
134.8860607498400,+32.4185593067800,5.22,
133.9153353855200,+27.9274821811300,5.225,
134.3122903779400,+15.3227666000600,5.22,
134.6216842112700,+11.8576804028000,4.249,
133.8484422300,+05.9455653833,3.1,
132.6330117588,-27.7098450300,4.01,
133.8815300704900,-27.6818482123900,4.89,
331.5286903450,-39.5433516250,4.458,
333.9038284359100,-41.3467626314700,4.798,
334.1106323080000,-41.6271817018100,5.117,
340.8749022675,-41.4143463050,4.835,
346.71971026,-43.52035715,4.332,
353.7690015235300,-42.6151397988700,4.71,
006.57104752,-42.30598719,2.38,
006.5508389318483,-43.6798306587444,3.94,
016.9492638660800,-41.4868431356900,5.207,
316.6028220699300,-32.3416189584500,5.196,
315.3227519696,-32.2577659353,4.654,
319.4845166421,-32.1725420889,4.708,
328.4821924842,-37.3648552706,3.01,
037.0070966559600,-33.8110395407400,5.123,
042.2725787677200,-32.4058977796900,4.46,
326.2367059875,-33.0257827850,4.34,
332.1080471675,-34.0438402158,4.99,
353.2427457450,-37.8182658333,4.37,
326.9339580446,-30.8983062925,5.017,
332.0958805922600,-32.9884699078400,4.5,
332.5365841445521,-32.5484084150861,4.92,
337.8763765937,-32.3460737075,4.29,
343.1313756551800,-32.8754604893100,4.51,
343.1300712301600,-32.8757587960300,5.023,
345.8742310753500,-34.7494154245300,5.124,
002.9334211539100,-35.1331147091900,5.239,
025.5359555723600,-32.3269875461300,5.256,
033.2269583234200,-30.7238260436300,5.26,
038.4612562412000,-28.2323376583600,4.96,
316.7819471954,-25.0058552892,4.5,
343.9870841469900,-32.5396239368100,4.208,
349.7060031792,-32.5320247125,4.406,
006.9820742557300,-33.0071659671300,4.81,
031.1226608629,-29.2968188200,4.69,
340.1639510683900,-27.0436152921400,4.177,
344.41269272,-29.62223703,1.16,
357.23144407,-28.13027069,4.57,
000.5830294271700,-29.7204412546300,5.022,
005.3799927402400,-28.9814702063600,5.167,
014.6514970954,-29.3574513094,4.27,
035.6357936203100,-23.8167999619800,5.198,
316.1012555167,-19.8549919628,4.84,
318.9079147985900,-20.6516952101200,5.152,
321.6667764125,-22.4113344992,3.74,
322.1808362617367,-21.8071797601486,4.5,
325.5029045237900,-23.2628571788100,5.24,
029.1675109188400,-22.5267846855000,4.85,
042.7596744212,-21.0040181839,4.77,
316.4867826304,-17.2328616903,4.07,
324.2701278279,-19.4660128761,4.55,
335.3982005738900,-21.5982301141100,5.124,
347.4787389913,-22.4576164403,4.8,
346.6701988318000,-23.7429900192700,4.47,
022.4005653838900,-21.6293361032900,5.104,
030.0012881737,-21.0778318253,4.02,
041.2758283362062,-18.5726228277553,4.46,
320.5616485325,-16.8345443886,4.27,
325.6646170042121,-18.8663208842267,4.726,
325.0227353242,-16.6623075511,3.67,
338.6734824420800,-20.7082158102700,5.203,
340.8968044433,-18.8303765794,4.69,
341.8880142930500,-19.6133747513500,5.26,
347.3616501872496,-21.1724152050081,3.64,
350.7426085863,-20.1005823100,3.98,
351.5116069179,-20.6420175092,4.39,
353.31926250,-20.91450430,4.758,
325.3869116932721,-14.0476124422589,5.18,
326.7601843312,-16.1272870853,2.83,
355.4408599010500,-17.8165319464100,4.83,
356.0503254261500,-18.2769495629800,5.239,
357.8389096671,-18.9091649247,5.18,
000.9349493417,-17.3359922050,4.536,
003.6600689679,-18.9328651356,4.46,
010.89737874,-17.98660632,2.01,
026.0170130716342,-15.9374798910214,3.5,
038.0217868371,-15.2446743839,4.75,
041.0306220012,-13.8586980586,4.236,
317.3985370042,-11.3716903083,4.52,
328.3240435189288,-13.5517685288647,5.08,
331.6092809137,-13.8696837372,4.27,
342.3979232008,-13.5926324003,3.98,
343.6625260741300,-15.8208195652000,3.28,
350.66321303,-15.03934014,5.22,
354.9461224562700,-14.2221536519800,4.977,
355.6806030283,-14.5449034206,4.484,
002.8160751647800,-15.4679779078900,4.89,
021.4051643485000,-14.5987851581800,4.907,
036.4875243559600,-12.2904743067100,4.866,
039.8908225535008,-11.8720976755967,4.87,
337.6617558490300,-10.6779180573000,4.81,
349.7779966590100,-13.4588405540000,5.18,
027.3962615252579,-10.6864086109725,4.68,
027.8651306176100,-10.3350310662900,3.72,
044.1068728496,-08.8981450275,3.87,
324.4379554463,-07.8542027553,4.69,
326.2510611362200,-09.0824276723300,5.079,
334.2084861858400,-07.7832887425319,4.16,
348.9728918732375,-09.0877347122369,4.25,
349.4758905025,-09.1825187567,4.4,
349.7403194222300,-09.6107487126200,5.003,
001.1254928050,-10.5095235808,4.924,
004.8569756808,-08.8239197375,3.55,
011.0475005258,-10.6095504542,4.767,
017.1474645113,-10.1822658208,3.45,
021.0058553458,-08.1832559036,3.59,
322.8897154783,-05.5711755572,2.89,
343.1536418522400,-07.5795969237100,3.79,
348.5806593350799,-06.0490064246700,4.22,
349.2122465054,-07.7265006294,5.06,
000.4900811322200,-06.0140705566800,4.41,
001.33392469,-05.70761886,4.61,
018.6001695667083,-07.9228258237706,5.13,
339.4390853817,-04.2280538564,5.03,
359.6682378200,-03.5559827550,4.886,
000.4560338029300,-03.0275032833400,5.1,
008.81199867,-03.59284352,5.201,
331.1975934139500,-00.9063443785300,5.271,
330.8285167883,-02.1553629883,4.69,
331.4459830479,-00.3198491017,2.94,
337.2078700438454,-00.0199646495603,4.34,
337.2078600866832,-00.0205449723228,4.49,
337.20794520,-00.01994285,3.65,
335.4140482005400,-01.3873491941100,3.834,
013.2520605104,-01.1442588036,4.76,
324.8886133020900,+02.2435609289300,5.1,
336.3192618746,+01.3773984942,4.64,
351.7331494674400,+01.2556049758900,4.94,
355.5116921592,+01.7800412250,4.51,
035.4859484993400,+00.3956723883100,5.287,
039.87064912,+00.32850959,4.07,
336.9646796510975,+04.6956679056822,4.8,
349.2914062129,+03.2822883264,3.7,
350.0857626938000,+05.3813078854500,5.069,
356.5979851972400,+03.4868108470200,5.02,
019.4498185639508,+03.6144690926950,5.137,
028.3889041261100,+03.1875325060800,4.604,
040.82516290,+03.23581638,3.47,
318.9559663321,+05.2478452811,3.933,
331.4197956842600,+05.0585301641100,4.84,
332.5499386467,+06.1978632639,3.55,
351.9920611016038,+06.3789923064419,4.3,
354.9876724017,+05.6262909803,4.12,
012.17060139,+07.58508127,4.44,
015.7358692738,+07.8901348672,4.28,
018.4328583431900,+07.5753599374500,5.19,
022.5463101529,+06.1438215806,4.84,
025.3578912904,+05.4876128403,4.44,
038.9686391238,+05.5932471794,4.871,
320.7233893414300,+06.8111398381800,5.148,
343.8069536722100,+08.8161814601300,4.9,
346.7510863886800,+09.4094927286100,4.52,
347.3810724271,+08.6771565650,5.14,
347.9341258775300,+08.7201162511400,5.154,
355.8431615277800,+10.3315380206000,5.071,
026.3484383965500,+09.1577507334200,4.26,
033.2500013271500,+08.8467023506500,4.35,
037.0398210789746,+08.4600602248073,4.3,
317.5854169671500,+10.1315811021600,4.68,
318.6200637821,+10.0069794106,4.49,
326.0464839142,+09.8750086533,2.39,
335.3794796033,+12.2051841153,4.99,
340.3655029900,+10.8313633103,3.41,
341.6732493926392,+12.1728857944744,4.2,
350.7690324777800,+12.3139101024800,5.081,
352.2887468325500,+12.7605498809300,4.56,
044.9287494646,+08.9073582975,4.7,
346.19022269,+15.20526715,2.48,
003.3089634617,+15.1835935442,2.84,
022.8708760779,+15.3458245944,3.62,
358.1220326287100,+19.1202859855300,5.08,
007.0121448387300,+17.8931270486800,5.06,
326.1278992246,+17.3500158506,4.35,
003.6506845104187,+20.2067028826844,4.8,
016.4206469617,+21.4731802431,5.273,
017.8634115500,+21.0346501558,4.658,
025.6240105213667,+20.2685126826972,5.24,
028.3825800137264,+19.2959529982388,4.589,
028.3825538685100,+19.2938555497700,4.52,
029.3377281775,+17.8175334011,5.105,
341.6328244225,+23.5656544833,3.93,
350.1593592882200,+23.7403550644600,4.58,
351.3449286356604,+23.4041008102264,4.4,
359.4396950296,+25.1414022133,4.66,
011.8346894567,+24.2671780142,4.06,
014.3016674271,+23.4176487853,4.42,
028.66004579,+20.80803147,2.65,
326.5181813620000,+22.9488790982200,5.266,
342.5008047942,+24.6015828833,3.48,
346.7780795213,+25.4682591450,4.74,
018.4372752354000,+24.5836976157300,4.66,
029.4821519392,+23.5960637597,4.766,
031.79335710,+23.46241755,2.01,
031.6413540514516,+22.6483187761008,5.019,
322.4870643804,+23.6388380656,4.509,
326.16139677,+25.64503776,4.135,
328.2657010908,+25.9251361494,5.081,
331.7527729590800,+25.3450989962400,3.77,
335.3305789602700,+28.3305296837200,4.81,
340.4391840352100,+29.3076752842600,4.79,
345.94357275,+28.08278712,2.42,
002.09691619,+29.09043112,2.06,
007.5306879769300,+29.7515577958400,5.214,
009.6389476291842,+29.3117532274678,4.38,
020.2807209046300,+28.7382071971300,5.223,
019.8666370358,+27.2640598692,4.748,
032.3555207688508,+25.9398378657198,4.977,
044.8030241800500,+21.3404273826100,5.16,
044.80302232,+21.34043264,4.63,
326.035787300,+28.742606119,4.7,
326.0357430466654,+28.7426298618136,4.5,
340.7505368539500,+30.2212147137200,2.95,
353.48828297,+31.32527939,5.008,
009.8319799204,+30.8610217556,3.28,
017.7781804930800,+31.4247293475300,5.152,
017.9150715278900,+30.0896379347200,4.511,
028.2704462333,+29.5788278039,3.42,
034.7374731105800,+28.6426756236300,5.291,
327.4612265322000,+30.1742124319000,5.069,
332.4968488075,+33.1782215622,4.29,
009.2202052354,+33.7193439994,4.36,
033.09283344,+30.30306751,4.952,
037.0415827921100,+29.6693293066100,5.29,
040.1711501304800,+27.0609435487500,5.296,
040.8629761644000,+27.7071494092900,4.67,
042.4959718358,+27.2605072272,3.594,
318.2341080612,+30.2269154631,3.21,
004.2729265135192,+38.6816357293394,4.61,
005.2802864133200,+37.9686054569600,5.18,
004.5819060621,+36.7852251817,4.52,
014.1883837971,+38.4993439011,3.87,
017.43301617,+35.62055765,2.05,
034.3286126396,+33.8471930692,4,
033.9845316767200,+33.3588978371900,5.249,
041.9772559112,+29.2471147775,4.51,
333.9924030463,+37.7487329283,4.15,
339.8153276550,+39.0502697644,4.88,
340.3693729439400,+40.2254471490500,5.229,
012.4535306883,+41.0789101056,4.53,
032.38594634,+34.98729706,3,
044.3220071736500,+31.9342204161600,5.093,
319.4795243951700,+34.8968959621000,4.42,
321.8390245144000,+37.1167961410900,5.293,
323.6941119390900,+38.5340667888800,4.91,
343.0084743976400,+43.3124171825600,4.938,
341.0228279877500,+41.8192348147700,5.08,
345.4802691375,+42.3259814953,3.62,
354.5341720763,+43.2680735778,4.29,
355.1021151333,+44.3339323875,4.14,
025.1450685463,+40.5770483972,4.94,
024.1993397682946,+41.4054587133414,4.1,
032.1219166096,+37.8590794772,4.82,
038.0257073797400,+36.1472725764900,5.144,
042.8784889413600,+35.0597397044300,4.53,
044.7653201772600,+35.1831308980900,4.93,
137.3397547845100,+22.0454383668500,5.149,
136.9367064754900,+10.6681998852300,5.24,
136.4932074356700,+05.0923260299900,4.981,
137.0119994267500,-25.8585378806300,4.56,
139.71101600,+36.80259252,3.92,
140.2637508770291,+34.3925592893489,3.14,
139.1739119719500,-06.3531444179100,5.23,
140.1209106900,-09.5556959511,4.811,
139.9432568947900,-11.9748527477000,4.77,
140.3732929611600,-25.9654406299200,4.72,
141.1635780821,+26.1823236031,4.46,
142.9301147300,+22.9679695553,4.31,
142.9864207233500,+11.2998217991600,4.963,
142.9899041851900,+09.7157653147900,5.07,
142.9955247736100,-01.1846713524800,4.548,
142.2872140254600,-02.7689394543100,4.6,
141.89684460,-08.65859953,1.97,
141.8267187649600,-22.3437270895500,4.69,
140.8010429063300,-28.8338613514300,4.68,
142.3113319867,-35.9513353986,4.51,
143.5557576867900,+36.3975580620400,4.6,
145.2876376996,+09.8923083842,3.52,
144.3028305924300,+06.8358224536600,5.009,
144.6137022018196,+04.6492927677767,4.68,
144.9640060237,-01.1428093031,3.91,
145.0765206637,-14.3322965108,5.052,
145.3208638296,-23.5915148383,4.76,
146.0503963187,-27.7694725153,4.79,
148.1909022646,+26.0069533006,3.88,
146.4628054183,+23.7742557872,2.98,
147.8695576567,-14.8466030639,4.11,
151.8573456575,+35.2446934639,4.49,
151.8331327525,+16.7626611861,3.41,
149.5557315446,+12.4448018033,5.26,
150.0533578758,+08.0442231178,4.7,
151.2811203338,-13.0646266981,4.588,
149.7178142625500,-35.8909728992000,5.222,
154.1725665329,+23.4173116889,3.41,
151.9761254861525,+09.9975068749342,4.38,
152.09296244,+11.96720878,1.4,
151.9845156950100,-00.3716703684900,4.49,
154.4075083221,-08.0689138333,5.24,
152.6470357548103,-12.3541274788236,3.61,
155.5822490246,+41.4995191958,3.05,
156.9708316646,+36.7072100106,4.21,
156.4783972854,+33.7961197100,4.718,
154.99312733,+19.84148522,2.37,
157.3695953551504,-02.7390757814033,5.18,
156.52260958,-16.83628968,3.81,
156.7879193306000,-31.0677791392500,4.25,
155.5816035258900,-41.6499619815800,4.83,
159.6800528733,+31.9762390747,4.677,
158.2027986542,+09.3065859569,3.87,
158.7000563406300,+06.9537502783600,5.07,
157.5728345412100,-00.6370318161100,5.1,
159.6456153068700,-16.8765651864300,4.903,
158.5036856580200,-23.7451691687900,5.06,
160.8539863104,+23.1884027431,5.07,
162.4062031038,-16.1936488858,3.11,
163.4947538182000,+43.1899575069100,4.664,
165.2100715838500,+39.2120763442600,5.062,
163.3279369729,+34.2148715256,3.83,
163.9349345164900,+33.5069289575000,5.034,
163.90331908,+24.74971730,4.32,
163.9033389764800,+24.7497284248800,4.477,
165.5823990375,+20.1798406972,4.398,
165.1866750973400,+06.1014452203000,4.977,
165.1401964303400,+03.6174978845000,4.838,
165.4569845228104,-02.4845904574794,4.75,
164.9436048157617,-18.2987862206156,4.07,
163.3730509407800,-20.1387294556200,5.24,
164.1793800789600,-37.1377674098800,4.6,
165.0386009833,-42.2258589989,4.39,
168.52708927,+20.52371814,2.53,
168.5600185958,+15.4295705794,3.35,
166.2542825355171,+07.3360067025872,4.62,
167.9144946530200,-22.8258480483300,4.449,
166.3329272868400,-27.2936240976500,4.912,
166.8195412733300,-42.6386798924800,5.24,
170.7065749499700,+43.4826984641300,5.03,
169.7828588094300,+38.1855933153700,4.8,
169.6197360100,+33.0943085269,3.49,
169.5451500480855,+31.5291171363650,4.77,
169.545549500,+31.529288900,3.79,
168.8009461983,+23.0955103578,4.63,
170.2841395550,+06.0293252625,4.04,
169.3225016950,+02.0105564708,5.18,
169.1654149883,-03.6516047272,4.45,
171.1524633838100,-10.8593265288200,4.802,
169.8351981738,-14.7785392519,3.56,
171.2205150829,-17.6840083272,4.06,
170.8411727775646,-18.7800355935822,5.09,
171.9843313462600,+02.8562650302500,4.943,
174.2372119125,-00.8237489733,4.3,
172.5787223020500,-03.0034997012900,4.77,
174.1704723071,-09.8022475661,4.673,
173.2255362517700,-31.0872253996500,5.11,
173.2504793996,-31.8576231803,3.54,
175.1961135292200,+21.3527274384000,5.255,
176.99639979,+20.21893056,4.522,
176.3210011321,+08.2581152819,4.842,
176.4648315567,+06.5293725797,4.04,
176.1907332321900,-18.3506763721000,4.706,
175.4331141515300,-32.4994031195200,5.2,
175.0532904262,-34.7446592672,4.7,
177.26490976,+14.57205806,2.13,
177.6738271494233,+01.7647226497586,3.6,
179.0039754730300,-17.1508244691200,5.16,
178.22717287,-33.90812978,4.28,
181.3022520350,+08.7329860522,4.12,
180.2182934200,+06.6143214175,4.642,
180.2131631734200,-19.6589811764300,5.264,
182.5311690937,-22.6197672175,2.98,
182.1034021837,-24.7288750983,4,
184.0855762879,+23.9454083328,4.86,
185.1792740399600,+17.7928687534300,4.74,
184.0007773648499,+14.8990678956600,5.09,
185.0874224675821,+03.3125708936114,4.96,
184.9764266591500,-00.6667961981100,3.9,
183.95154504,-17.54193046,2.58,
185.1401749294400,-22.2159004737000,5.21,
188.4356010485612,+41.3574781535719,4.25,
186.4622439935199,+39.0186156475500,5.01,
186.7344669712,+28.2684225225,4.34,
186.0772870957200,+26.0985892788300,5.18,
186.6002684278900,+27.2682388351800,4.95,
186.7470678949599,+26.8257017040400,4.959,
187.2279260027700,+25.9128516147600,5.236,
185.6262974615900,+25.8461576834300,4.81,
188.0176100077008,-16.1960051709386,4.294,
187.4660631842,-16.5154312617,2.94,
188.7128357462,+22.6292584044,4.773,
188.7823356069899,+18.3770585454400,5.02,
190.4710706146200,+10.2356257137000,4.88,
190.4151176200630,-01.4494039524575,2.74,
190.4147607686542,-01.4494021269331,3.49,
189.8115290086000,-07.9955649571800,4.643,
188.5968118304,-23.3967604036,2.64,
189.9688683100,-39.9873029422,4.64,
194.0069425712,+38.3183761417,2.88,
192.9246673735999,+27.5407125046700,4.94,
193.32394594,+21.24494701,4.91,
191.6615076789699,+16.5776878118000,5.12,
191.4044103504,+07.6733248853,5.207,
193.9008691908,+03.3974703403,3.38,
193.5881809067,-09.5389939675,4.8,
192.6715141190700,-33.9993479584600,4.894,
193.3591667112,-40.1788733483,4.27,
196.4351480783800,+35.7988999360900,5.195,
195.0686226596800,+30.7850220713700,4.88,
196.7947080094463,+27.6247376218361,4.69,
194.7310123782400,+17.4094428590700,5,
195.5441577067,+10.9591504008,2.79,
199.3855872112,+40.5726076325,4.698,
197.9683076116925,+27.8781839748500,4.25,
197.49702169,+17.52945526,4.32,
199.4011802800,+05.4698672539,4.8,
197.4874539107000,-05.5390040652200,4.397,
196.9742202965300,-10.7404087040400,5.151,
198.0147632810596,-16.1986029691842,5.04,
199.6013082768629,-18.3111938190506,4.74,
198.9948786208545,-19.9431003621942,5.22,
197.2636082308400,-23.1180438664600,4.934,
199.2213828338100,-31.5062012746500,5.11,
202.1075357953671,+13.7787884191131,4.97,
201.6798605863500,-12.7076629044600,5.25,
201.29824736,-11.16131949,0.97,
201.8631834863600,-15.9735793399400,4.75,
199.7304049400,-23.1715142781,3,
200.1492200650396,-36.7123045812250,2.73,
204.36511590,+36.29489825,4.82,
203.5330493987,+03.6589649503,4.94,
203.6732973280300,-00.5958164161200,3.38,
202.9911877304,-06.2558171928,4.69,
203.2419649669108,-10.1649986301178,5.21,
202.7610691462,-39.4073052756,3.88,
207.4284365377400,+21.2641013137000,4.91,
207.3693366075,+15.7979056342,4.07,
206.8155757166775,+17.4568915432222,4.49,
205.4032086853400,-08.7029802854700,5.01,
207.4678453962600,-18.1341692527100,4.959,
206.4218497442092,-33.0437169721730,4.23,
207.3613406287,-34.4507758078,4.19,
206.7347989755900,-36.2519333476000,5.147,
209.1424209469800,+27.4920814414000,5,
208.67116217,+18.39772072,2.68,
210.4116392262,+01.5445318167,4.237,
208.6756047237500,-01.5031227211000,5.159,
209.6297767467,-24.9722494194,5.15,
208.3022428738500,-31.9276195534000,4.73,
212.5997228886100,+25.0916769502700,4.83,
213.2239391000,-10.2737038881,4.21,
211.5929061937,-26.6823617717,3.28,
213.1917622880594,-27.2611855887304,5.08,
211.67061468,-36.36995474,2.05,
214.4992388500700,+35.5095123037500,4.796,
213.91530029,+19.18240916,-0.05,
214.8853322271799,-02.2655163057800,5.14,
214.0036229371,-06.0005453744,4.08,
214.7774681246,-13.3710960847,4.52,
215.7740578132500,-27.7540172521600,4.75,
215.1393011958,-37.8852930944,4.034,
217.9574555385208,+30.3714365700764,3.59,
218.6700724446800,+29.7451271316500,4.47,
217.0505787590600,-02.2279580599600,4.84,
217.0434467762533,-29.4916379929928,4.97,
221.2464573637137,+27.0749855886886,4.801,
221.24673940,+27.07422497,2.39,
221.246763108,+27.074207219,2.45,
220.8556793567,+26.5278517586,4.79,
220.1814954656200,+16.4183266558600,4.893,
221.3102511012,+16.9642799458,4.6,
220.28729823,+13.72830463,3.78,
220.4114633076100,+08.1617645718200,4.862,
221.5621889996,+01.8928845822,3.73,
220.7650950908,-05.6582035311,3.88,
221.9366934131300,-26.0875005344500,5.229,
220.9143317458,-35.1736551806,4.05,
221.2466734966199,-35.1918286960100,4.924,
222.8474519414600,+19.1004499448400,4.675,
222.84741637,+19.10047205,4.593,
222.7544667521816,-02.2991502943900,4.94,
224.2958286897800,-04.3464586838200,4.49,
222.6715495023700,-15.9972104278200,5.16,
222.71963789,-16.04177652,2.75,
223.5838691013800,-24.6422042688100,5.266,
222.5721178828400,-27.9603612310500,4.41,
230.4515402746,-36.2613756858,3.546,
230.7889585442,-36.8584866800,4.54,
235.6596520914999,-37.4249392124600,5.24,
240.0305327325,-38.3967086792,3.41,
253.6458542998620,-42.3613158363006,3.62,
253.4988630478699,-42.3620298151300,4.79,
258.0383152213,-43.2391918128,3.33,
264.32970772,-42.99782799,1.85,
278.3757740568200,-42.3125082397600,4.614,
285.7786540846,-42.0951071711,4.725,
290.9715617846,-40.6159362378,3.943,
312.4920043548399,-33.7797039940000,4.89,
234.9415804483300,-34.4119207989900,4.661,
235.6709252371,-34.7104060333,4.721,
241.6480999284000,-36.8022705296200,4.201,
266.8961713746,-40.1269970414,2.992,
267.5462991422900,-40.0904318207600,4.803,
281.9359072274700,-40.4061659494200,5.217,
287.5073158467,-39.3407956553,4.095,
287.0873737151800,-40.4966979801300,4.571,
229.4576586967,-30.1486712528,4.33,
228.6554993406000,-31.5191238446700,4.918,
237.7397428671,-33.6271653669,3.946,
239.2228735004700,-33.9661147544600,5.08,
247.8455541762,-34.7043651722,4.23,
249.0936330012,-35.2553278567,4.156,
253.0839388325,-38.0175349553,3.542,
252.9676181452900,-38.0473994640000,2.98,
262.6909880117,-37.2958134753,2.7,
264.1368964314299,-38.6352477357100,4.267,
263.40216718,-37.10382355,1.62,
265.62198000,-39.02998308,2.386,
267.4645037403808,-37.0432763783039,3.21,
274.4068127158,-36.7616852008,3.11,
280.9455916034000,-38.3234418961400,5.111,
284.6807613102200,-37.1073279812600,4.83,
286.60462559,-37.06344170,4.21,
286.6050611831375,-37.0632756524867,4.53,
287.3680873946,-37.9044728350,4.087,
299.9340764046,-35.2763069253,4.37,
299.9639876858500,-34.6977994914400,5.299,
234.6640395654,-29.7777487789,3.642,
252.5408783862,-34.2932315931,2.29,
256.2056319036400,-34.1229282445500,4.87,
276.04299335,-34.38461649,1.81,
312.9553772391200,-26.9191348454600,4.12,
226.0175669854,-25.2819612878,3.21,
233.6554923999900,-28.0470202606200,5.138,
234.2560424983,-28.1350812911,3.589,
239.2211509963,-29.2140725514,3.86,
244.5745840233,-28.6140213300,4.782,
300.6645040250,-27.7098456267,4.58,
311.5238859437,-25.2708975431,4.122,
235.0704055109000,-23.8180836489300,4.96,
238.40299500,-25.32714131,4.59,
237.7447685952999,-25.7512940769400,4.635,
239.7129718242,-26.1141079450,2.91,
247.35191542,-26.43200261,0.91,
248.9706368875,-28.2160170875,2.81,
260.8399619944200,-28.1428335433900,5.288,
261.8386487937,-29.8670350697,4.269,
271.2551101482100,-29.5800895062100,4.69,
271.4520337450,-30.4240898494,2.99,
275.2485147600,-29.8281016442,2.668,
286.7350129713200,-27.6704156372200,3.31,
285.65304266,-29.88006330,2.59,
298.9598439582953,-26.2993592497402,4.7,
299.7383424243300,-26.1957624754100,4.846,
299.2367985292,-27.1699002600,4.528,
228.0553760596,-19.7917108933,4.54,
240.08335535,-22.62170643,2.32,
245.1590861633,-24.1693191975,4.57,
245.2971488058,-25.5927920767,2.89,
246.39632359,-23.44717083,4.63,
258.8365985355513,-26.6016992244297,5.08,
258.8374326092300,-26.6028259569056,5.03,
266.8900997876200,-27.8307877163600,4.54,
276.9926696604,-25.4216984969,2.81,
281.4141087679,-26.9907762336,3.14,
283.81636041,-26.29672411,2.067,
288.8851107329,-25.2566824594,4.86,
291.3187088679,-24.5085722003,5.009,
294.1768036896,-24.8836191097,4.598,
235.4866350847700,-19.6787929961400,4.72,
238.3335579034300,-20.1670752788100,5.027,
241.8513674096,-20.8687643981,4.33,
241.7017788379,-20.6691917319,3.97,
248.0341659471,-21.4663922236,4.45,
259.5028345792400,-24.2869022133800,5.11,
260.5024139450,-24.9995463817,3.26,
261.5925728704,-24.1753108278,4.153,
262.8539755583,-23.9626426644,4.81,
269.9481518982599,-23.8161147127400,4.724,
272.9305531618200,-23.7012315984400,4.98,
283.5424086792800,-22.7448396158700,4.845,
283.7797394256400,-22.6712837875800,4.98,
286.1707585001183,-21.7414959586756,3.77,
304.8483511839700,-19.1185253837700,5.265,
310.0122680572600,-18.1386574123900,5.1,
226.6566521304700,-16.2568186084100,5.2,
241.3607025707000,-19.8019015069000,4.89,
241.3592999275,-19.8054527828,2.62,
242.99889865,-19.46070448,4,
246.0257693446,-20.0373273392,4.5,
246.7559791217,-18.4562482733,4.43,
260.2515605047350,-21.1129363919308,4.387,
265.8574737550,-21.6831938761,4.861,
273.4408701671,-21.0588316869,3.85,
276.3376642925600,-20.5416728352600,4.86,
282.4171166572600,-20.3246546401900,5.21,
284.3353203859600,-20.6563478707900,5.054,
284.4324961775,-21.1066559078,3.51,
287.4409705250,-21.0236139819,2.88,
289.4086630645000,-18.9529062457000,4.878,
296.5905813057925,-19.7611146153444,4.873,
306.8300077704600,-18.2116940082300,5.14,
233.8815783675,-14.7895355142,3.91,
238.4564085983,-16.7292939514,4.16,
247.7848638450,-16.6127307311,4.27,
250.3932646227900,-17.7421665506100,4.923,
290.4181642454,-17.8471991222,3.93,
290.4317608155338,-15.9550174239706,4.61,
295.1807626260200,-16.2932706621000,5.296,
295.6297207923500,-16.1239980308800,5.045,
299.4876227432799,-15.4914681523800,4.998,
305.2527774923800,-14.7814076020800,3.08,
239.5473695625,-14.2793581739,4.87,
257.59452871,-15.72490664,2.42,
264.3966659642,-15.3985538728,3.519,
277.2993911779,-14.5658144069,4.675,
304.4119547004400,-12.5082121860300,4.27,
304.5135664488,-12.5448523200,3.58,
305.1658984192,-12.7590790058,4.76,
225.2431179245300,-08.5189473357700,4.93,
229.25172425,-09.38291441,2.62,
231.0495158017400,-10.3222788540000,4.92,
233.5445936839325,-10.0645327084700,4.62,
241.0922031911800,-11.3729645586800,4.87,
242.9999713505300,-10.0641417096200,4.928,
243.4621094104700,-11.8377478615400,5.239,
249.2897460604,-10.5670915197,2.56,
252.4584072981699,-10.7830651595800,4.632,
260.2069228979,-12.8468759075,4.324,
265.3536369279,-12.8753079478,4.228,
293.7802410584100,-10.5604426666000,5.12,
311.9189691788,-09.4957743644,3.77,
313.1634698625,-08.9833194253,4.717,
246.9507799937,-08.3717290181,4.63,
269.7566329704,-09.7736332922,3.34,
275.9149110759500,-08.9344865646300,4.664,
280.5684454100400,-09.0525524783500,4.71,
253.6487252586000,-06.1539809565300,5.23,
264.4613045179,-08.1187707936,4.62,
270.7704937608300,-08.1803523799800,5.27,
270.77049968,-08.18034961,4.79,
278.8017798215825,-08.2440705109586,3.83,
280.8802120917600,-08.2752126752000,4.889,
284.2652924680900,-05.8463150931200,4.818,
285.4201128063,-05.7391148408,4.02,
290.1371091728499,-05.4157680305800,4.99,
294.2227063175,-07.0274771008,4.96,
311.9343291029,-05.0277005494,4.44,
237.40502902,-03.43020438,3.53,
237.8149757521,-03.0904982794,5.1,
243.58641053,-03.69432256,2.75,
244.5803739296,-04.6925095739,3.23,
255.2650074069200,-04.2226438466300,4.812,
261.6578372596,-05.0865972200,4.54,
270.1208807187,-03.6902690422,4.616,
275.3275023167,-02.8988268319,3.25,
281.7936425653500,-04.7478730445800,4.22,
286.5622443925800,-04.8825627459300,3.43,
292.6659835717,-02.7888873278,5.03,
307.4125001629200,-02.8855281566500,4.9,
309.1818049784800,-02.5499546428800,4.88,
294.1803237620000,-01.2865996151100,4.36,
302.8261886683,-00.8214618450,3.22,
309.5845187022000,-01.1051172504300,4.33,
232.1593209185200,+01.8420796482300,5.17,
237.5731117609600,+02.1965088900600,5.217,
247.72842975,+01.98392248,3.9,
266.9731655529,+02.7072777736,3.75,
270.4383284904,+01.3050770906,4.429,
271.36368827,+02.50009883,4.03,
281.2080758250,+02.0600377886,5.005,
289.6353982362900,+01.0851282084500,5.28,
288.4279216486300,+02.2936973048900,5.15,
291.6295385750000,+00.3385708049500,4.72,
298.1181989492,+01.0056582275,3.8,
309.8537196077300,+00.4864319445600,5.153,
225.7251565149617,+02.0913043610361,4.4,
237.7040259242,+04.4777308758,3.693,
251.9434167568800,+05.2467475936000,5.24,
261.6286697230299,+04.1403593792900,4.31,
265.8681360342,+04.5673043011,2.75,
270.0658260238,+04.3686156347,4.6,
270.1613157887500,+02.9315648341400,3.93,
275.2169319664700,+03.3771640821500,4.856,
284.0610042585300,+04.2021276204500,4.98,
284.0549466511200,+04.2036061363900,4.57,
291.37458914,+03.11477947,3.36,
236.0669763162,+06.4256286867,2.63,
287.2496449507900,+06.0732177882500,5.23,
293.5223041337724,+07.3789400915350,4.45,
294.7985099906200,+05.3977722178500,5.17,
298.8283035123829,+06.4067642339850,3.71,
236.6108925506800,+07.3530687163400,4.42,
251.4578831170600,+08.5826135245800,5.15,
253.5019646342,+10.1653606264,4.38,
254.4170743746,+09.3750312767,3.2,
259.6541259486600,+10.8644753449600,5.02,
271.8374330392,+09.5638472500,3.73,
271.8264974923300,+08.7338672394200,4.64,
297.69582730,+08.86832120,0.76,
298.5620063246000,+08.4614542883600,4.707,
234.1232245562300,+10.0101470531500,5.253,
248.1512162563,+11.4880410922,4.85,
256.3445434300700,+12.7408264939300,4.871,
263.73362272,+12.56003739,2.07,
286.7441787221,+11.0712270383,5.086,
289.4541632548100,+11.5954244211800,5.283,
296.5649178783,+10.6132613300,2.72,
299.0593829691600,+11.4237225223400,5.278,
246.3539778091900,+14.0332672424100,4.58,
255.7827962586399,+14.0919483316900,4.98,
258.66190909,+14.39034061,3.06,
270.0142354889600,+16.7509179428800,4.67,
284.9056515780500,+15.0682810414600,4.02,
286.3525333979,+13.8634772811,2.99,
284.7739115841500,+13.6222428715400,5.258,
308.3032163325,+11.3032614408,4.03,
231.4474890192900,+15.4280363510800,5.17,
236.5468931075,+15.4218321850,3.67,
239.1132612283,+15.6616168056,3.84,
242.0188568448200,+17.0469775290900,4.994,
281.7551429700600,+18.1815160622200,4.36,
295.2622456463300,+17.4760424112200,4.38,
303.5692445109300,+15.1976073380800,4.946,
308.8272318113,+14.6742131969,4.647,
309.38725542,+14.59508875,3.63,
310.8647224304,+15.0745770283,4.417,
313.9028707936800,+13.7215362732400,5.182,
237.1849031829,+18.1415650617,4.09,
245.4800600208,+19.1531282758,3.76,
247.6397853320200,+20.4791873643100,5.243,
271.5079189931099,+22.2188757177800,5.06,
270.5960296909600,+20.8336352150200,5.249,
272.1895475788,+20.8145577417,4.347,
272.2202660955200,+20.0452329786400,5.099,
275.0746455692100,+21.9612964093900,4.96,
275.9245404425350,+21.7697526691794,3.84,
281.4155236636863,+20.5463091906289,4.19,
291.3691778323800,+19.7983528275200,5.16,
293.6454043779000,+19.7734006339200,5,
295.0241305482700,+18.0138907281900,4.38,
296.8469399888300,+18.5343135711800,3.82,
297.244417,+19.142042,5.034,
299.6892859437,+19.4921466886,3.47,
309.9095300038,+15.9120732600,3.8,
311.6619210251800,+16.1241282718500,4.96,
311.6645825998600,+16.1242939540900,4.25,
235.3877278775,+19.6703994403,4.505,
237.8162886463546,+20.9779204329550,4.78,
247.5549981108,+21.4896113272,2.77,
258.75796074,+24.83920697,3.13,
260.2258579214600,+24.4994357799900,5.12,
274.7944976737000,+24.4460563978800,5.279,
283.6870207897500,+22.6450754137400,4.6,
289.0543299854600,+21.3904290320300,4.77,
297.7671179523400,+22.6100480549900,4.96,
301.2895539277600,+19.9910730242900,5.093,
240.5737145162300,+22.8044525399400,4.817,
252.9385897870500,+24.6564328174000,5.029,
262.6846242540200,+26.1106456122900,4.41,
266.6147804003271,+27.7207113830347,3.42,
267.2047758442000,+25.6228684169900,5.1,
290.7120231289100,+26.2624075944600,5.192,
292.1763748138,+24.6649034597,4.45,
298.3653988299400,+24.0796133718500,4.64,
301.7225320091000,+23.6144247756900,5.056,
303.8759943277999,+23.5089030749200,5.176,
309.6305785219600,+21.2011625615900,4.82,
237.3985291544300,+26.0683928639200,4.63,
239.3968808417421,+26.8778796257681,4.13,
269.6256212212,+30.1892741714,4.41,
269.4411904642,+29.2478798636,3.7,
271.7566277537200,+30.5621069145800,5.13,
271.8856280275,+28.7624910675,3.827,
275.2542506875700,+28.8699513498200,5.115,
292.6891507574600,+27.9652747551700,5.11,
292.68033548,+27.95968007,3.08,
309.6329770046000,+24.1159591206700,5.049,
314.5681276759200,+22.3259073453700,5.288,
225.5271199828700,+25.0081387982800,4.81,
226.8252747284799,+24.8691942795500,4.93,
233.67195002,+26.71469278,2.24,
240.3606871635400,+29.8510609467600,4.971,
245.5242661095500,+30.8919959578000,4.849,
250.32150433,+31.60271870,2.8,
255.0723907454,+30.9264045803,3.92,
259.3315325620600,+33.1001023277900,4.8,
272.9756525992700,+31.4053489770600,4.97,
282.4704888288100,+32.5510602881100,5.226,
284.7359267237,+32.6895556375,3.25,
286.8565913996400,+32.5017602034800,5.22,
285.0034402627300,+32.1455132119000,4.93,
291.0315765055100,+29.6213355692100,4.977,
294.8441913018500,+30.1533214664600,4.673,
300.2752019104,+27.7535733011,4.651,
303.5605397225999,+28.6948171728600,5.189,
303.9422633180000,+27.8141988933600,4.52,
311.2188031298100,+25.2706298731800,4.91,
226.1114289982400,+26.9476483177300,4.55,
231.9572147104,+29.1057006597,3.68,
245.5892701386000,+33.7990522305200,5.2,
255.4015054040700,+33.5682684653200,5.267,
274.9654545183,+36.0645469656,4.34,
282.5199801967,+33.3626694383,3.42,
297.6413516267,+32.9140582453,4.24,
307.3488983833,+30.3685546603,4.01,
313.6401632302300,+28.0576236929100,5.01,
313.0320425313600,+27.0969441985600,4.568,
228.6214947808500,+29.1642963732500,5.272,
230.80127231,+30.28782502,4.98,
233.23242560,+31.35913227,4.13,
258.7618098475,+36.8091623167,3.18,
259.4177216585500,+37.2915062875800,4.65,
260.9205607021299,+37.1459240266500,4.51,
269.0632522675,+37.2505373197,3.88,
281.1931556396,+37.6051158481,4.36,
279.23473479,+38.78368896,0.03,
283.6261806258,+36.8986148142,4.3,
286.8255513620700,+36.1001590179100,5.253,
291.5380288645200,+36.3178978187100,5.15,
292.9430076608,+34.4529687342,4.72,
299.0765509262,+35.0834229886,3.88,
305.9650862454,+32.1901719714,4.44,
311.4156376663,+30.7197154383,4.23,
228.8756789658,+33.3148312661,3.49,
237.8080470598467,+35.6573815808772,4.82,
242.2429538510379,+36.4908705687333,4.73,
250.7240212279,+38.9222535744,3.5,
268.3251130590600,+40.0079614730500,5.15,
276.0574401157300,+39.5072381075400,5.12,
281.0847656093200,+39.6701291681900,4.991,
281.08477455,+39.67012591,4.66,
281.09491902,+39.61271808,5.23,
281.0949125486900,+39.6127146026100,5.23,
288.4395346796,+39.1459666919,4.398,
289.0920619700,+38.1337287342,4.38,
297.6416477124800,+38.7224180923200,5.12,
296.0691883399700,+37.3543561508400,4.887,
299.9799808107100,+37.0428854613600,5.19,
303.6334681420099,+36.8063058080900,4.99,
302.3567460879700,+36.8396205440000,4.93,
304.6627999701400,+34.9827705521400,5.162,
308.4757837156300,+35.2508441796800,4.636,
311.5528431704,+33.9702569239,2.48,
247.1606191046,+41.8816779425,5.01,
248.5257601102700,+42.4370094863000,4.196,
283.8337592854,+43.9460920803,4,
298.9656704715900,+38.4867191233900,4.946,
304.4466753517,+38.0329313122,4.82,
311.85224026,+36.49071491,4.54,
123.5122057034400,-40.3478671389700,4.44,
112.3076270487,-43.3014332394,3.25,
108.3056275022800,-45.1827375993700,4.874,
108.3846605984317,-44.6397088588789,5.1,
102.4775681014583,-46.6145615862706,5.14,
067.7087489082400,-44.9537499010700,5.059,
062.7107886408,-41.9935704858,4.93,
063.5004759275692,-42.2943685430919,3.86,
054.2736584858100,-40.2746603362000,4.58,
138.9029505760700,-38.5699429610100,4.94,
138.9378323607500,-37.4131438565900,4.62,
129.4109699183,-42.9890804014,4.14,
119.4654964997700,-45.5776690591700,5.123,
119.3267566946,-44.1098592114,5.064,
117.0840017738,-47.0777218167,4.71,
117.3095639908,-46.3732061678,4.11,
108.1401040633,-46.7593041422,4.49,
099.6568155600500,-48.2201836746300,5.03,
076.2417258395400,-49.5778340902800,5.01,
135.0225377212,-41.2536052556,4.446,
131.0997794755900,-42.6492774576200,4.046,
122.3721564041000,-47.3452815034200,4.173,
122.38312556,-47.33658633,1.83,
118.3256579988,-48.1029343544,4.24,
105.2145218005700,-51.4025859708100,5.151,
105.9733421866800,-49.5839387225300,4.925,
102.4840352479,-50.6145676878,2.93,
098.7440830375,-52.9756088556,4.4,
095.98795783,-52.69566138,-0.74,
086.8211987087,-51.0665114264,3.86,
070.6934316912600,-50.4813348633900,5.298,
049.9818788009275,-43.0697819967850,4.27,
040.1668125225,-39.8553761503,4.116,
142.67499823,-40.46673935,3.6,
138.6020243588900,-43.2274894377300,5.25,
136.99899114,-43.43259091,2.21,
132.4484928249000,-45.3078739487900,4.935,
131.5068496446,-46.0415289517,3.91,
132.6394192625500,-46.5291875852000,5.11,
130.1565423796,-46.6487436103,3.81,
130.3047041727100,-47.3171304259400,4.77,
125.63205879,-48.49037864,4.82,
113.9155095964200,-52.5338358656900,4.92,
092.5746169863,-54.9686426192,4.81,
087.4569242267,-56.1666613200,4.494,
064.0066109270200,-51.4866479762100,4.2,
039.9498970861000,-42.8918108620400,4.75,
136.0386661725,-47.0977374306,3.75,
130.9178042393400,-49.8228008320000,5.16,
128.6816521494800,-49.9442021284000,5.01,
126.9024414906100,-53.0884787559800,5.073,
119.1946670558200,-52.9823454629800,3.431,
097.3687422328000,-56.8527668552300,5.197,
076.3777319755700,-57.4727046941200,4.708,
068.49907161,-55.04497896,3.28,
130.0732730500,-52.9218889536,3.63,
134.0802625696500,-52.7234741184800,4.723,
081.5802740550300,-58.9125177833600,5.129,
036.7463407279,-47.7038402103,4.25,
153.6839822071,-42.1219425811,3.85,
147.4880858213900,-45.7327369054600,5.084,
147.9194512924900,-46.5476222502900,4.58,
144.2064168300,-49.3550244653,4.35,
139.5244634032600,-51.0508566368200,5.254,
143.5366386087,-51.2552648869,5.03,
131.6772886796,-56.7697756133,4.49,
131.17594410,-54.70881925,1.95,
128.8321046548800,-58.0092368554200,4.847,
128.8148136936300,-58.2247389868500,5.234,
125.62848024,-59.50948419,1.86,
102.04772968,-61.94138912,3.3,
088.5252274382408,-63.0897802873511,4.66,
083.4063165541100,-62.4898267938000,3.76,
060.3256291978208,-61.0788229238061,4.956,
064.1209506126083,-59.3021544142511,4.44,
039.3514526166400,-52.5431089028900,5.293,
030.4265681201100,-44.7135073151600,5.14,
028.5917996467100,-42.4969283725100,5.109,
141.5748216577400,-53.3789082503500,5.089,
140.5284067083,-55.0106671342,2.473,
139.0503035704,-57.5414724061,4.318,
134.2434049237900,-59.2293376190000,4.895,
134.8507569791233,-59.0837117739619,5.16,
130.1542815908,-59.7610018642,4.313,
122.2526538201975,-61.3023738607369,4.742,
120.0831949213,-63.5674561244,4.806,
092.8124235374100,-65.5894180225500,5.01,
086.1932421104,-65.7355280828,4.36,
087.4730044458,-66.9011885194,5.11,
063.6061839087,-62.4738587975,3.36,
065.4721905751400,-63.3863907635700,5.24,
059.6864560358,-61.4001853689,4.57,
060.2242024954,-62.1592847261,4.5,
045.9034115831700,-59.7377745910400,5.122,
040.1650556146300,-54.5499119187700,5.21,
034.1274401325,-51.5121654203,3.57,
028.4114209738,-46.3026679986,4.41,
152.2343313096,-51.8112607522,4.845,
149.2155903092,-54.5677886231,3.45,
142.8054954737,-57.0343771611,3.139,
137.7420266183,-58.9668936681,3.4,
139.2725285717,-59.2752320292,2.26,
133.7617842537,-60.6446110589,3.8,
109.2075994650,-67.9571523228,3.99,
092.1844249721,-68.8434110236,5.038,
078.4393987811100,-67.1852582740000,4.801,
056.0499226753121,-64.8069141320769,3.833,
049.5534120100488,-62.5063624197311,5.228,
052.3444892526912,-62.9375289393375,4.71,
028.9894156935588,-51.6088775905311,3.7,
022.0913636121,-43.3182361592,3.41,
158.2369199765300,-47.0033512099800,5.027,
159.32558311,-48.22562079,3.84,
143.6110450612,-59.2297519531,4.09,
144.8374978492,-61.3280601906,4.498,
137.8196703871,-62.3169804167,3.943,
140.2367211280800,-62.4046336265300,4.8,
135.6116496704,-66.3960757619,3.99,
126.4341446692,-66.1368902650,3.759,
121.9824769914400,-68.6170646360600,4.398,
107.1869403982900,-70.4989304021000,3.746,
075.6791586172300,-71.3142991719000,5.294,
044.6991515996900,-64.0712871678900,4.969,
042.2561970580600,-62.8065219516000,5.253,
026.5260958328200,-53.5220357020800,5.033,
022.8129364571,-49.0727030103,3.935,
018.7963392843242,-45.5316646057442,4.96,
161.69241154,-49.42025679,2.69,
157.8409202971692,-53.7154836076164,4.89,
155.2283154707600,-56.0432377078300,4.51,
146.3117134358,-62.5079033039,3.4,
146.77550706,-65.07200742,2.99,
129.7715060667700,-70.3867438775200,5.2,
115.4552541842,-72.6060990725,3.944,
092.5603024265300,-74.7530439810600,5.069,
041.3859765426400,-67.6166167640800,4.82,
039.8973383717,-68.2669473111,4.096,
029.6924777913,-61.5698596606,2.84,
016.52099799,-46.71841069,3.3,
159.8266380958,-55.6032673175,4.267,
158.8970717204,-57.5576342953,4.43,
156.9697031883,-58.7394029644,3.81,
159.0854975522200,-59.5643938373900,5.088,
159.6874843781600,-59.1829957501400,4.87,
154.2707304375,-61.3323023058,3.35,
158.0060956996,-61.6853323078,3.27,
136.4098972987000,-70.5384983562500,4.652,
138.29990608,-69.71720760,1.69,
136.2867212204,-72.6027065717,4.467,
125.5185481258600,-73.3999793931200,5.279,
082.9702191068167,-76.3409016836322,5.2,
056.8097525879,-74.2389635022,3.26,
035.4372598550800,-68.6594185895800,4.09,
163.3735671312863,-58.8531703698178,3.79,
160.8845422887,-60.5666196556,4.545,
160.7391748642,-64.3944502211,2.76,
155.7422752550,-66.9014973061,4.99,
153.3776346204800,-66.3728111815900,5.141,
153.4342391408,-70.0379045292,3.33,
125.1605856233,-77.4844770169,4.337,
124.6314716208,-76.9197212311,4.047,
042.6185816466700,-75.0669482597400,4.742,
028.7338810198300,-67.6473031708400,4.685,
012.6716098242200,-50.9868172781100,5.225,
010.3314678837,-46.0850051083,4.59,
168.1500551389100,-60.3176263012700,4.62,
167.1474583325,-58.9750377058,3.83,
166.6351103219600,-62.4241140597600,4.606,
167.1416576161200,-61.9471756991200,5.19,
157.5838629179,-71.9927945036,4.71,
156.0987748808,-74.0316121050,4.01,
037.9188460550800,-79.1094160821400,5.275,
018.94234275,-68.87592657,4.25,
010.8384933787,-57.4630575853,4.361,
007.8540876895200,-48.8035142532600,4.77,
173.9816037979800,-47.6416399351900,5.252,
173.6902325362,-54.2640922231,4.607,
172.9419526200500,-59.4420606918100,5.097,
172.9533314481000,-59.5156471164300,5.14,
173.9453253782100,-63.0198349936100,3.14,
158.8671133158,-78.6077866911,4.12,
161.4458536404,-80.5401884717,4.433,
143.4724003637,-80.9412593611,5.059,
012.1475707813900,-74.9234352794500,5.083,
007.8861169750,-62.9582187464,4.289,
007.8892596025662,-62.9655927541372,4.514,
008.1829390607100,-63.0315005636000,5.09,
177.7862133364200,-45.1734699165900,4.46,
177.4211138933800,-63.7884724075000,4.308,
174.87330698,-65.39776628,5.095,
176.4017464929,-66.7287622069,3.65,
177.0605629206600,-66.8149096119200,4.728,
002.5090520435900,-82.2240470805800,5.283,
000.3987477119846,-77.0657253520472,4.783,
006.43779316,-77.25424612,2.79,
006.022329,-72.081444,4.09,
005.0177443062317,-64.8747936639189,4.23,
002.3526670558200,-45.7474239081600,3.87,
182.0895734887,-50.7224273928,2.52,
182.9129989498800,-52.3684401167400,3.96,
183.7863196854,-58.7489269267,2.752,
180.7562554137,-63.3129279561,4.32,
181.0800836534300,-63.1656990736500,4.716,
184.6093419771499,-64.0030853698000,4.05,
181.7204124987,-64.6137289936,4.136,
185.5305793860800,-67.5221035900100,5.146,
184.3928215029,-67.9607357306,4.02,
188.1167226400,-72.1329888058,3.88,
181.1936284685800,-76.5190624809900,5.024,
184.5867691208,-79.3122419344,4.229,
283.6964192507800,-87.6058433139100,5.278,
341.5146290838,-81.3816144403,4.128,
358.0269715943500,-82.0188232186500,5.106,
359.9790733967,-65.5771334350,4.47,
359.3961610362700,-64.2982298187400,4.989,
359.7324145149800,-52.7458062563400,5.133,
356.8166517569300,-50.2264588840900,5.166,
186.6323314421,-51.4506360964,4.808,
184.7490069960100,-55.1429804442300,5.01,
187.79149838,-57.11321346,1.64,
185.3400390104,-60.4011469639,3.59,
186.6286788283600,-63.1222353188700,4.822,
189.2959078692,-69.1355647886,2.649,
195.5677697342,-71.5488542331,3.62,
201.2796620689300,-74.8878194833000,5.04,
214.5578995825599,-81.0077584983900,4.889,
216.7301351771,-83.6678852306,4.304,
327.72734813,-82.71890140,5.29,
335.0069987354,-80.4397485361,5.177,
189.4256837492000,-48.5413053592800,3.86,
187.0099253271,-50.2306353422,3.91,
191.93028656,-59.68877200,1.25,
191.4085486185800,-60.9813211880700,4.686,
190.4857049264700,-59.6858206790300,4.94,
193.6632607321,-59.1467007942,4.602,
198.81225511,-67.89459100,4.78,
221.9654667696,-79.0447509014,3.798,
215.5965194554,-80.1089459094,5.052,
325.3689251479717,-77.3900087616200,3.728,
336.1536891218721,-72.2554133992961,5.29,
349.3573185226400,-58.2357013761600,3.98,
190.6477143104,-48.8131082808,4.66,
190.37933367,-48.95987152,2.17,
194.2681309358800,-51.1987535821000,5.159,
193.6484356196,-57.1779229236,4.04,
193.6536839956400,-57.1686649773300,5.2,
200.6580545899342,-60.9883806005858,4.509,
201.0020112015999,-64.5356698585200,4.52,
245.0866859363,-78.6957469289,4.68,
245.1119067890100,-78.6674960306600,5.247,
248.3628491125,-78.8971492233,3.854,
316.1794278189204,-77.0237683555578,5.15,
338.2502599858,-61.9821219461,4.81,
345.2200314824300,-52.7541108578800,4.115,
193.2787763716917,-48.9433128825833,4.33,
196.7276641554,-49.9062450900,4.27,
250.7694107384317,-77.5174331483869,4.24,
318.3354341918700,-70.1262547099100,5.071,
334.6253949308,-60.2595906408,2.82,
341.4078414315200,-53.5001198699500,4.846,
342.1387419229700,-51.3168648120200,3.466,
347.5897398008,-45.2467124028,3.877,
196.5696004725,-48.4632905547,4.691,
210.95585562,-60.37303516,0.58,
229.7274249308,-68.6795459339,2.89,
300.1481482450,-72.9105054942,3.94,
321.6108540943637,-65.3661980715336,4.22,
202.3552261159900,-51.1651315262100,5.03,
204.97190723,-53.46639115,2.3,
208.0202595995900,-52.8115295391800,5.257,
220.6267482517,-64.9751370697,3.19,
226.2007815240800,-64.0313511513800,5.168,
234.1800926358,-66.3170370553,4.104,
238.8733320450700,-68.6030009462900,5.097,
247.1172594387700,-70.0843958083100,4.899,
280.7588970037,-71.4281129069,4.003,
311.2395582896,-66.2032140989,3.408,
310.4878188867699,-66.7606807164700,5.134,
330.8402234423433,-56.7859785543650,4.69,
329.4794730621,-54.9925761181,4.4,
340.66687613,-46.88457644,2.11,
206.6640740262,-51.4327648006,4.632,
215.0814275875,-56.3864972089,4.35,
219.90205833,-60.83399269,0.01,
219.87383306,-60.83222194,-0.1,
219.89609629,-60.83752757,1.33,
224.1832807650,-62.7810160892,5.11,
229.4120544547400,-63.6104675367800,4.849,
252.16622951,-69.02771185,1.92,
260.4978237342700,-67.7706689881500,4.78,
284.2376208063500,-67.2334947809100,4.4,
302.1817036316884,-66.1820674358970,3.56,
337.3173950425,-43.4955623686,3.97,
337.4393084129,-43.7492213292,4.11,
208.88494020,-47.28837451,2.55,
229.3785423196,-58.8012048108,4.057,
229.2370662914999,-60.9572555772600,5.09,
238.7856752650,-63.4307265364,2.85,
243.8594574337,-63.6856803328,3.839,
246.9889397732700,-64.0579404215000,5.27,
266.4332751967,-64.7238720531,3.581,
308.8952086153799,-60.5817491231900,4.745,
309.3971364533,-61.5299206819,4.849,
310.0109895037307,-60.5488940533919,5.121,
313.7025115787,-58.4541560594,3.65,
332.05826970,-46.96097438,1.71,
207.3761518283,-41.6877089081,3.386,
207.4041192892,-42.4737304428,3.43,
209.6697861879,-44.8035858242,3.87,
210.4312790318800,-45.6034096060400,4.33,
218.1544027875,-50.4571596136,4.423,
221.7553902538899,-52.3835172633700,5.22,
272.1450607875,-63.6685529506,4.328,
277.8434378575,-62.2783014758,4.64,
283.0543094400,-62.1875923231,4.207,
306.41190437,-56.73508973,1.918,
316.3093697173800,-54.7270415563300,5.163,
211.5115343525,-41.1796329944,4.343,
209.5677783358,-42.1007539753,3.802,
216.54505742,-45.37927841,4.35,
214.8509258125,-46.0580954628,3.529,
216.5342676592,-45.2214254256,4.553,
220.4823157775,-47.3881987461,2.286,
219.4717742800,-49.4258277108,4.05,
228.0712331483,-52.0992477544,3.41,
240.88370590,-57.77507336,4.63,
252.4464855312,-59.0413770831,3.744,
262.7746363363,-60.6838478178,3.62,
275.8068221812900,-61.4939119217200,4.367,
284.6518649393300,-60.2005479013600,5.14,
311.0097251762,-51.9209713836,4.495,
312.8752124177400,-51.6081785759200,5.044,
227.9836386327700,-48.7378249875300,3.7,
243.3697086359400,-54.6304675142900,4.94,
254.6550507037,-55.9901445283,3.076,
261.3485804629,-56.3777263264,3.34,
301.8464894483900,-52.8807927841500,4.94,
215.7593292892,-39.5118192361,4.42,
222.9095953771,-43.5753601517,4.313,
227.2108868772291,-45.2798613832426,4.05,
226.2801456763179,-47.0510636022725,3.89,
230.5344611681000,-47.9277925469000,5,
254.8960366612,-53.1604364722,4.05,
255.7864733119199,-53.2369360087700,5.278,
261.3249491888263,-55.5298816877778,2.85,
264.5229807953900,-54.5004338966800,5.242,
284.6156962625,-52.9386283908,4.838,
286.5831506130800,-52.3409113496800,5.174,
290.7133586560900,-54.4239293381600,5.02,
309.3918000321,-47.2915007225,3.11,
312.3706773633600,-46.2268269802000,4.882,
320.1900809864100,-40.8096167072600,4.82,
323.0244829839000,-41.1793100745400,5.286,
224.7903539092,-42.1041963664,3.11,
224.63302235,-43.13396385,2.68,
228.2066117654,-44.5004125939,4.806,
230.6702844025,-44.6896151769,3.366,
233.9718682389900,-44.9583886824800,4.708,
240.8037409500,-49.2296986306,4.643,
244.2538921146,-50.0681203567,5.09,
244.9600927738,-50.1555061878,4.02,
261.5001797020300,-50.6335066162700,5.193,
266.0362630895300,-51.8340532231000,5.15,
283.1651873722100,-52.1073697830100,5.173,
308.4794690527400,-44.5160456191000,5.118,
312.1214696711800,-43.9884840599800,5.1,
220.4899611650,-37.7934983400,4,
230.3429742725300,-40.6475303691500,3.19,
234.5133488188,-42.5673456586,4.33,
235.2974033621455,-44.6612060267514,4.633,
241.6227152520100,-45.1732800238100,4.713,
243.8138240022800,-47.3720198780500,5.124,
246.7959837892,-47.5547840447,4.521,
260.8169843343500,-47.4681960227000,5.25,
265.0992732439900,-49.4155831268100,4.77,
271.6577970408,-50.0914757008,3.66,
277.2077491646,-49.0705867292,4.13,
293.8041097609399,-48.0991990457000,4.879,
231.3342210939100,-38.7336097338000,4.6,
233.78520145,-41.16675687,2.765,
248.5209178396,-44.0453133767,4.94,
263.9149565350,-46.5056838189,4.59,
272.8073384586300,-45.9544117737600,4.508,
276.7434001679,-45.9684582681,3.463,
277.9393036763,-45.9148101767,4.92,
278.0081017459300,-45.7573791801500,5.07,
290.8047393708,-44.7997791969,4.27,
290.6595800497600,-44.4589583846900,4.01,
298.8154037946,-41.8682885544,4.13,
320.5216645640862,+19.8045104219344,4.09,
330.9476655904899,+64.6279711308400,4.45,
017.0961729092,-55.2457580317,4.014,
018.9420379295962,-68.8759448102925,4.95,
033.0928320538600,+30.3030703277300,5.162,
078.3228308721800,+02.8612392074300,4.48,
303.4079509877000,+46.7413226716800,3.8,
074.8142056793500,+37.8902447746600,5,
048.0188741832638,-28.9876219867586,3.98,
118.0652623582158,-34.7054399179528,5.12,
123.8163444535800,-62.9156410857700,5.259,
097.2044600075100,-07.0330593964800,4.6,
030.5117582342650,+02.7637719610669,4.11,
338.83908858,-00.11749689,4.03,
057.1494750801300,-37.6201432915400,4.72,
244.93515275,+46.31336453,3.87,
134.8018881454904,+48.0418228606861,3.13,
101.28715533,-16.71611586,-1.46,
336.8331794778799,-64.9663602057600,4.49,
193.3239930126800,+21.2449831991300,5.15,
241.092227400,-11.373103900,4.17,
076.1016755827300,-35.4829753748800,4.574,
063.4849393544200,+09.2638242640100,4.95,
260.9206005238,+37.1459427914,4.17,
297.0431269124900,+70.2679302982400,3.91,
349.6562189402800,+68.1114436365100,4.87,
233.7007299207800,+10.5377527753100,5.13,
270.3748498985500,+21.5953900965700,5.1,
044.5653181567800,-40.3046776381100,3.18,
044.5683488308800,-40.3046961962500,4.11,
058.5729241949700,-02.9547332574100,4.7,
104.0276913307300,-14.0434309010500,5.09,
233.7006052150600,+10.5388556250800,4.14,
246.3963273796999,-23.4471754557600,5.05,
025.9151580038,+50.6887313422,4.06,
012.5316206769625,-10.6443288478994,5.19,
024.42852283,-57.23675281,0.46,
355.9978553246500,+29.3614555964000,4.96