" coord1 (ICRS	J2000/2000)  "
---------------------------
116.724875 +39.018403      
206.88515734 +49.31326673  
116.742542 +39.014233      
089.93029218 +37.21258463  
021.45396446 +60.23528403  
117.32356528 -24.85978624  
116.73229 +39.00719        
311.6633 +16.1242          
354.39101088 +46.45814944  
083.78449002 +09.93415587  
083.85825795 -05.90990098  
145.28763770 +09.89230838  
037.95456067 +89.26410897  
099.17098990 -19.25587942  
078.63446707 -08.20163836  
326.76018434 -16.12728709  
069.545104 -14.303983      
116.32895777 +28.02619889  
024.49815413 +48.62821376  
172.85091980 +69.33107490  
177.26490976 +14.57205806  
243.58641053 -03.69432256  
097.20445711 -07.03305837  
344.41269272 -29.62223703  
067.15416174 +19.18042906  
002.09691619 +29.09043112  
245.480175 +19.153022      
056.45669401 +24.36774621  
083.18256716 -17.82228927  
084.05338894 -01.20191914  
101.28715533 -16.71611586  
076.62872239 +41.23447576  
244.935158 +46.313369      
182.53116909 -22.61976722  
056.079721 +32.288242      
030.97480121 +42.32972842  
193.50728997 +55.95982296  
081.57297133 +28.60745172  
260.92379 +30.49739        
269.75663297 -09.77363329  
286.17075738 -21.74149570  
193.90086919 +03.39747034  
068.98016279 +16.50930235  
286.73503735 -27.67042191  
318.23410806 +30.22691546  
084.41118926 +21.14254411  
262.60817373 +52.30138871  
233.67195002 +26.71469278  
040.82516290 +03.23581638  
086.11579539 -22.44838356  
056.29846681 +42.57855080  
095.74011193 +22.51358275  
101.287154 -16.716117      
322.16498688 +70.56071519  
148.19090227 +26.00695330  
222.71963789 -16.04177652  
343.66255630 -15.82082729  
105.42978244 -27.93483049  
085.189696 -01.942572      
228.87567897 +33.31483127  
140.26375310 +34.39256237  
043.56442116 +52.76247888  
093.719562 +22.506822      
046.29414106 +38.84027619  
076.96243955 -05.08644597  
281.41410877 -26.99077623  
076.36527238 -22.37103442  
116.720583 +39.014236      
079.17232794 +45.99799147  
030.85877576 +72.42129382  
139.711108 +36.802875      
165.93196467 +61.75103469  
113.650417 +31.888492      
081.5250 +16.7000          
310.35797975 +45.28033881  
089.88180005 +54.28465841  
317.901333 +48.151628      
244.93515275 +46.31336453  
085.18969443 -01.94257359  
135.15991945 +41.78294587  
042.49597183 +27.26050723  
151.83313275 +16.76266119  
034.836633 -02.977639      
263.73362272 +12.56003739  
309.90953000 +15.91207326  
082.06134649 -20.75944105  
342.39792320 -13.59263240  
258.661996 +14.390281      
014.18838380 +38.49934390  
184.976475 -00.666794      
288.13875819 +67.66154044  
268.38220676 +56.87264285  
325.433021 +42.841408      
266.61469448 +27.72067718  
258.66190909 +14.39034061  
168.52708927 +20.52371814  
116.725917 +39.005903      
226.01756698 -25.28196129  
298.11819895 +01.00565823  
199.73040494 -23.17151428  
297.69582730 +08.86832120  
276.99266967 -25.42169850  
233.700592 +10.538622      
032.38594634 +34.98729706  
044.10687285 -08.89814503  
245.48006002 +19.15312827  
231.23239428 +58.96606512  
055.73126774 +47.78754851  
316.23275955 +43.92785124  
273.44087017 -21.05883169  
154.27409528 +42.91435577  
194.00694257 +38.31837614  
072.80151967 +05.60510342  
225.48650991 +40.39056683  
138.59108361 +02.31426199  
010.12683778 +56.53733116  
269.15154118 +51.48889562  
116.725917 +39.021736      
250.72402122 +38.92225357  
233.70058 +10.53908        
221.24673940 +27.07422497  
169.83519818 -14.77853925  
109.52324905 +16.54038626  
337.20794520 -00.01994285  
318.697754 +38.045375      
241.70177884 -20.66919173  
250.32150433 +31.60271870  
103.5310 -03.1026          
297.04312834 +70.26793035  
004.85697568 -08.82391974  
244.58037393 -04.69250958  
133.84844223 +05.94556539  
144.96400602 -01.14280930  
275.92454066 +21.76975183  
337.29277091 +58.41519830  
354.83688137 +77.63227434  
350.74260858 -20.10058231  
072.46004544 +06.96127453  
239.87567149 +25.92016492  
257.59452871 -15.72490664  
291.3500 +20.1833          
286.56224574 -04.88255574  
067.16558623 +15.87088182  
156.52260958 -16.83628968  
222.67635750 +74.15550394  
292.42649467 +51.72977939  
074.24842121 +33.16609957  
311.55284318 +33.97025693  
088.79293899 +07.40706400  
089.88217887 +44.94743257  
048.017892 -28.989006      
335.41406425 -01.38733418  
309.38725542 +14.59508875  
310.58477611 +19.16091994  
237.40502902 -03.43020438  
298.82830234 +06.40676180  
108.1500 -27.6667          
345.48026914 +42.32598150  
247.55499811 +21.48961132  
177.67382599 +01.76471973  
083.784487 +09.934156      
292.680358 +27.959678      
302.826108 -00.821475      
260.50241395 -24.99954638  
168.56001859 +15.42957058  
264.86619203 +46.00633336  
347.36165339 -21.17241145  
078.23292366 -16.20546904  
143.21430793 +51.67730032  
051.08070872 +49.86117930  
141.89684460 -08.65859953  
342.42007060 +66.20040656  
059.46346687 +40.01021532  
245.29714880 -25.59279208  
073.56290018 +02.44067308  
239.11326123 +15.66161682  
305.25280525 -14.78138307  
108.70272445 -26.77266936  
296.56491787 +10.61326133  
046.19912808 +53.50643576  
069.07975601 -03.35246019  
089.10122085 -14.16769969  
241.35929993 -19.80545278  
028.38256161 +19.29385527  
270.2750 +02.9000          
195.54415770 +10.95915040  
163.32793697 +34.21487153  
116.722167 +39.005069      
109.523246 +16.540386      
099.42796043 +16.39928043  
235.68568964 +26.29563463  
237.70402593 +04.47773087  
284.43249618 -21.10665591  
319.64488470 +62.58557446  
266.97316555 +02.70727778  
111.78767391 +08.28931576  
239.22115099 -29.21407255  
337.82292212 +50.28249116  
060.78908193 +05.98929977  
187.46606319 -16.51543126  
121.88603676 -24.30432443  
200.98141867 +54.92535197  
208.67116217 +18.39772072  
234.66403957 -29.77774878  
083.8500 -05.9150          
279.23473479 +38.78368896  
023.45117 +30.86911        
269.06325226 +37.25053732  
113.649429 +31.888275      
051.79229464 +09.73267621  
115.95195301 -28.95482556  
056.21890368 +24.11333645  
275.26409395 +72.73284772  
126.41513338 -03.90642162  
299.68928594 +19.49214669  
131.69380097 +06.41880152  
241.35929 -19.80539        
331.445983 -00.319850      
093.71940480 +22.50679434  
010.684708 +41.268750      
221.246762 +27.074208      
103.53313490 -24.18421104  
247.72842975 +01.98392248  
233.88157836 -14.78953551  
085.189879 -01.943219      
183.95154504 -17.54193046  
142.88211972 +63.06186148  
083.001658 -00.299081      
131.17124671 +18.15430650  
222.7200 -16.0417          
009.83197992 +30.86102175  
060.17006549 +12.49034054  
056.87115231 +24.10513565  
340.75057261 +30.22124505  
012.271438 +57.816500      
042.67420662 +55.89549655  
048.01886400 -28.98762045  
231.95721470 +29.10570066  
265.86813603 +04.56730431  
026.01701409 -15.93747951  
051.20332482 +09.02887470  
009.24285078 +53.89690758  
183.85650264 +57.03261544  
245.99785807 +61.51421387  
290.41816424 -17.84719912  
250.322771 +31.601936      
291.37458914 +03.11477947  
069.54510358 -14.30401665  
303.86801203 +47.71421137  
325.02273533 -16.66230756  
200.981429 +54.925361      
220.76509509 -05.65820353  
200.984708 +54.921822      
158.20279865 +09.30658596  
275.32750232 -02.89882682  
022.87087607 +15.34582459  
342.50080479 +24.60158288  
233.70061506 +10.53886800  
154.99312733 +19.84148522  
269.44119046 +29.24787987  
021.00585534 -08.18325590  
213.91530029 +19.18240916  
154.17256653 +23.41731168  
017.14746451 -10.18226582  
055.81208699 -09.76339122  
047.37404816 +44.85754065  
168.64775 -21.21486        
057.29059410 +24.05341675  
079.40161902 -06.84440839  
271.83743304 +09.56384725  
081.119238 -02.397136      
110.030788 +21.982339      
104.0833 -24.7300          
341.63282442 +23.56565448  
262.649900 -21.482286      
135.90636507 +47.15652473  
278.80178235 -08.24407024  
067.14373348 +15.96218040  
270.16131745 +02.93156455  
190.416596 -01.449514      
169.61973601 +33.09430852  
083.001708 -00.299136      
285.65304266 -29.88006330  
056.07971685 +32.28824802  
305.55709098 +40.25667916  
258.757963 +24.839192      
254.41707438 +09.37503128  
217.95745674 +30.37143836  
030.9748046 +42.3297247    
134.803387 +48.042314      
030.51174881 +02.76376138  
006.3397 +64.1408          
296.9083 +27.3133          
064.94834937 +15.62764318  
050.035812 +36.182794      
287.44097053 -21.02361398  
116.11188987 +24.39799645  
152.09296244 +11.96720878  
299.07655092 +35.08342299  
084.68658057 -02.60003294  
101.32235133 +12.89559198  
083.00166706 -00.29909511  
178.45769715 +53.69475973  
255.07239075 +30.92640458  
103.19724530 +33.96125485  
283.3750 +36.9167          
086.73892066 -14.82194998  
218.01946582 +38.30825118  
258.75796074 +24.83920697  
229.25172425 -09.38291441  
155.58224902 +41.49951920  
349.29140621 +03.28228833  
104.65645315 -28.97208616  
201.29824736 -11.16131949  
012.27621124 +57.81518773  
114.70779496 -26.80383873  
139.71101600 +36.80259252  
086.93912017 -09.66960492  
002.29452158 +59.14978110  
283.81636041 -26.29672411  
028.59885697 +63.67010079  
003.30896346 +15.18359354  
296.24366059 +45.13081002  
095.67493897 -17.95591871  
115.31180237 -09.55113085  
045.56988780 +04.08973877  
027.86514510 -10.33503581  
284.73592673 +32.68955564  
258.76180984 +36.80916231  
318.95596633 +05.24784528  
100.98302608 +25.13112541  
047.04221855 +40.95564668  
110.03074909 +21.98231603  
176.51255864 +47.77940629  
096.8125 -04.7583          
146.46280542 +23.77425578  
010.89737874 -17.98660632  
234.25604250 -28.13508129  
081.28276356 +06.34970326  
264.39666596 -15.39855388  
190.415887 -01.449342      
130.1000 +19.6667          
100.2417 +09.8950          
162.40620311 -16.19364888  
340.365550 +10.831289      
221.56218900 +01.89288458  
049.298379 +40.483847      
321.66677642 -22.41133450  
188.37059686 +69.78823584  
131.693867 +06.418789      
147.74732084 +59.03873572  
203.673937 -00.595939      
292.68033548 +27.95968007  
296.84692720 +18.53428891  
332.54993865 +06.19786326  
111.43164715 +27.79808135  
058.5313 +31.8822          
034.7500 +57.1283          
106.02721162 +20.57029829  
271.88562802 +28.76249107  
127.56612767 +60.71816987  
017.43301617 +35.62055765  
239.71297183 -26.11410794  
190.41518098 -01.44937282  
059.50736229 -13.50851938  
040.825500 +03.236167      
188.59681183 -23.39676040  
014.1772154 +60.7167403    
031.79335710 +23.46241755  
282.51998020 +33.36266944  
230.18215017 +71.83401655  
220.28729823 +13.72830463  
345.94357275 +28.08278712  
124.12883753 +09.18554387  
322.88971548 -05.57117555  
326.04648391 +09.87500865  
311.91896918 -09.49577436  
114.82549791 +05.22498756  
075.49221855 +43.82330720  
058.53301032 +31.88363368  
053.23268735 -09.45825866  
236.54689311 +15.42183219  
035.5958 +57.1250          
331.75277487 +25.34511244  
093.71389027 -06.27477445  
257.19664984 +65.71468427  
211.59290619 -26.68236178  
169.545550 +31.529289      
167.41586949 +44.49848668  
111.02375950 -29.30310551  
065.73371889 +17.54251353  
275.24851476 -29.82810164  
236.06697631 +06.42562868  
154.993446 +19.841258      
134.80189007 +48.04182614  
289.27570272 +53.36845927  
249.28974606 -10.56709152  
165.931954 +61.751033      
113.64947164 +31.88828222  
081.11923634 -02.39714754  
049.87917599 -21.75786249  
303.40794392 +46.74132799  
332.71365381 +58.20126267  
257.594388 -15.725158      
087.83040053 -20.87908977  
107.09785021 -26.39319957  
026.021158 -15.939506      
286.35253340 +13.86347728  
028.27044623 +29.57882780  
311.32239814 +61.83878242  
105.75613381 -23.83329231  
211.09729148 +64.37585053  
346.19022269 +15.20526715  
075.61953078 +41.07583888  
152.64698611 -12.35408162  
156.522608 -16.836292      
240.08335535 -22.62170643  
247.35191542 -26.43200261  
028.66004579 +20.80803147  
314.29341278 +41.16713864  
343.15364336 -07.57959838  
165.46031890 +56.38242609  
087.87250169 +39.14848411  
297.043117 +70.267925      
083.7750 +09.9333          
318.69788551 +38.04531782  
304.51356645 -12.54485232  
248.97063689 -28.21601709  
