196.99,410.28
4164.209,3249.614
-0.13,-3.58
-1.228,11.238
23.48,-1.02
-1.98,-5.36
93.83,10.71
-12.734,-30.026
8.446,-7.143
159.606,-421.822
5.49,0.28
-24.570,-36.886
31.681,9.024
357.564,-110.039
-13.395,8.635
16.645,-47.746
42.32,-49.30
46.79,-78.90
60.900,15.491
22.35,1.45
-0.37,-3.33
90.23,95.56
33.779,6.213
22.130,52.573
-17.057,-2.041
18.84,-7.18
-39.855,8.455
4.05,-12.43
-0.950,-42.638
-20.90,-14.46
-18.669,-186.190
25.048,-41.522
129.22,-105.70
9.64,-22.75
7.97,0.06
4.632,-8.487
43.166,104.326
-24.341,-93.511
137.51,17.01
-5.274,-3.303
-51.83,-103.80
29.453,-8.152
16.126,-6.050
61.95,-112.15
7.051,41.686
-60.03,-5.61
2.314,-6.229
-26.26,5.40
2.99,-1.66
2.39,-0.91
11.94,-2.08
7.724,1.656
2.77,-2.00
-13.25,-186.77
17.38,-9.86
3468.251,-1564.844
17.532,-29.090
24.289,-14.483
39.818,-31.607
24.574,-35.977
165.691,-138.559
27.233,-24.503
-61.008,-0.964
2.01,1.85
-2.233,-2.516
6.53,-1.41
7.857,4.065
5.29,-1.78
60.379,56.828
-4.699,-3.112
50.88,-32.13
1078.609,-551.133
226.77,-18.75
12.716,-8.410
34.245,-2.924
334.708,-89.251
-14.45,2.53
2.629,3.946
-3.825,-2.638
-3.096,-2.611
13.52,5.24
15.35,3.52
6.94,-1.95
0.335,0.552
523.50,-179.77
-31.200,-44.986
-92.611,-45.397
25.65,-3.82
-44.188,-18.538
-1.479,-1.231
0.640,-1.692
-8.311,-2.580
23.008,-24.435
22.756,-24.446
3.954,18.968
-53.125,-74.830
13.597,-1.396
0.180,-2.319
68.774,56.819
10.058,6.873
8.959,-32.092
5.36,-3.51
-7.020,-10.812
12.29,-12.44
9.248,0.828
-0.936,-0.263
14.126,-2.715
3.65,-2.07
296.57,-49.22
13.111,-11.845
60.692,5.556
34.979,-21.712
16.23,-13.54
0.51,-5.92
23.75,-26.23
22.20,-29.49
22.55,-27.78
25.58,-43.06
17.080,33.091
44.07,48.66
16.400,5.490
-3.74,-2.10
-9.940,-2.300
-2.007,-4.293
-1.595,-3.026
41.430,10.791
37.041,58.292
14.416,58.123
215.46,91.06
-0.587,-3.079
0.196,-19.295
-65.89,-125.17
23.217,-12.524
29.587,-18.387
-12.960,69.781
21.73,-33.61
-37.044,-27.970
61.82,82.18
150.55,49.09
5.20,5.69
35.202,-26.792
75.50,26.93
53.076,-9.030
-0.881,-2.204
-13.287,-12.328
-12.75,-35.60
5.52,-17.37
21.659,-35.177
-8.87,262.45
-148.034,-159.030
-10.838,-69.524
34.798,-13.904
86.50,818.02
-11.446,-20.346
76.295,-14.091
15.067,-10.313
0.044,-6.166
45.42,-56.72
33.242,-47.640
-12.096,-26.956
20.59,128.33
6.036,9.787
13.238,19.745
123.312,70.696
142.267,72.842
25.393,34.362
12.54,8.39
-43.513,-39.985
33.041,2.809
6.81,-34.06
2.463,-33.829
15.153,-7.549
-15.306,-22.936
-11.616,-13.641
-55.69,-8.71
-43.57,22.30
-5.197,-16.099
22.004,-80.894
-3.947,21.402
60.07,122.83
29.887,46.371
-7.294,-73.353
9.282,-11.929
16.44,47.31
-11.813,-20.561
52.892,-140.618
-26.512,-61.867
-10.845,-7.530
15.09,41.12
7.257,-17.260
19.630,29.018
-18.440,-48.707
3.543,-20.840
139.92,-47.79
18.17,-42.85
-13.821,-11.766
-24.51,7.71
75.25,-426.89
-3.01,23.02
79.097,26.328
95.74,91.92
597.384,-1738.286
11.228,24.615
-0.13,6.89
-6.50,-14.15
-6.264,-7.118
15.017,-54.469
0.068,-7.961
105.816,-26.846
50.280,42.736
-129.430,93.738
-17.061,70.391
52.390,-119.469
29.552,20.789
32.763,16.039
80.65,-11.54
-5.602,-4.754
-11.087,3.703
352.918,35.572
16.617,-63.174
-5.03,37.86
531.21,-349.71
48.428,131.872
47.507,117.895
44.48,-11.85
0.831,-17.625
19.542,-58.818
-7.049,12.959
85.814,-142.928
-3.755,-7.785
-8.48,-22.79
93.82,78.50
-12.689,132.600
88.254,-271.791
34.067,-276.438
8.805,-2.580
18.925,2.423
10.17,53.97
55.291,9.667
6.240,-31.308
-10.59,-3.11
26.588,-21.648
16.787,18.619
4.261,-21.088
-7.48,4.53
31.680,62.880
4.870,7.705
0.704,4.757
-5.35,23.86
-6.518,-1.714
-30.691,-338.612
22.597,-88.884
-0.155,-2.131
-0.338,-4.407
-15.89,12.28
-20.43,19.61
-1.213,13.033
19.91,-1.99
-44.146,8.051
-11.94,-46.32
-10.972,9.911
14.505,-38.472
-7.446,8.318
-30.870,40.464
-56.511,74.181
-97.897,94.870
-58.16,67.87
-0.30,-16.81
-24.299,34.349
-30.815,33.335
6.08,-122.83
3.988,4.748
-44.112,-30.066
-16.394,57.094
-17.73,17.90
4.073,9.477
8.79,21.76
-32.61,11.42
-0.432,7.870
27.601,17.656
-2.938,-31.141
-3.263,5.040
-21.52,-3.12
22.57,-51.35
-48.049,26.315
-12.242,26.816
-12.777,27.635
-319.51,334.97
72.911,-75.506
-27.513,-26.907
-64.043,77.209
-21.736,17.726
-79.362,-65.977
-27.274,87.881
-22.275,8.581
-37.50,-52.29
13.13,-90.93
13.119,-87.881
-22.484,-40.649
-32.106,-89.948
-59.861,26.544
-133.644,-107.664
-4.324,2.532
-10.22,-49.29
111.047,-82.884
-8.36,17.08
-56.34,17.21
-57.311,-50.365
-32.393,-4.449
-58.571,10.110
-40.97,-19.19
107.99,27.15
104.904,-69.926
-9.608,21.585
-7.826,-31.083
57.655,14.559
-5.434,-26.351
-25.359,36.884
55.458,-61.501
1.34,-5.15
-138.943,-14.936
-3.658,-30.126
7.182,-6.333
-45.659,39.021
-89.175,-8.861
-60.95,-3.11
-46.948,1.373
-134.11,-34.70
-294.441,-151.663
-24.607,-28.808
-33.602,65.167
-23.479,16.275
438.839,629.541
-26.876,-51.293
0.542,33.041
48.858,60.396
-136.33,-32.60
-65.809,28.731
-332.062,87.352
61.899,-9.615
-149.277,89.135
-235.40,-399.07
-28.717,-6.396
-18.559,-4.742
114.529,-26.887
122.467,-22.682
120.21,-16.04
-19.066,-5.966
-19.06,-10.56
107.94,2.05
111.91,-8.24
-59.140,90.771
48.319,-70.246
-14.150,-12.288
104.11,7.30
8.802,-2.222
-66.959,2.097
81.43,33.49
66.449,37.145
23.952,-53.934
-6.00,19.16
-65.74,-37.32
-947.46,-535.60
-36.19,-55.40
-441.29,-215.32
26.067,91.089
-25.16,-99.23
10.563,-8.385
-22.887,-12.041
61.380,59.791
24.780,8.594
-6.207,-77.913
-58.799,59.974
-136.115,55.899
-21.750,-11.901
107.68,11.01
-65.881,-9.253
-4.372,19.887
-14.708,46.370
-67.847,-18.424
-187.33,159.05
-121.17,-14.91
-128.38,28.05
-35.161,16.342
12.955,11.323
221.750,-92.356
-7.184,-129.318
-30.236,-32.032
-474.31,-204.21
-40.15,-28.86
-31.820,41.417
-13.886,5.802
-138.29,28.57
-115.71,151.16
-62.02,-27.41
-152.974,-49.462
-116.432,-25.860
-13.515,10.268
-50.039,-48.081
20.368,-12.531
-14.323,5.160
1.44,-10.26
-10.41,-76.85
16.641,6.302
43.205,-1.727
67.468,17.723
100.864,-71.182
-147.851,-55.251
273.108,-443.074
11.899,-18.294
5.939,-14.386
-26.072,-72.952
153.33,-8.28
-26.276,-73.782
26.574,-21.335
55.161,-24.383
269.30,93.75
193.549,-68.888
-2.800,46.883
51.89,32.92
13.08,13.33
370.87,611.33
13.166,-49.556
-53.633,-14.447
18.800,0.597
-14.68,-16.46
-66.384,-74.413
70.741,-43.156
30.327,-48.036
14.23,7.27
-974.758,20.876
77.064,5.989
2.71,-5.91
8.18,-10.43
20.84,-46.06
19.849,-44.966
4.457,-13.021
-37.243,8.864
-232.563,-481.472
58.848,-1.975
3.724,-5.619
-15.664,-208.732
0.494,-5.442
-93.634,744.360
36.026,-7.362
44.94,-28.16
4.815,13.836
-91.00,-70.67
-19.334,7.638
5.77,-9.92
20.218,-46.124
21.24,-40.56
20.331,-46.022
20.95,-45.98
21.13,-43.65
17.70,-44.18
19.496,-47.650
19.34,-43.67
23.848,-23.090
21.532,-13.456
26.00,-0.23
2.942,-11.970
56.125,59.445
47.218,48.519
-159.920,-529.646
30.202,-6.579
6.798,3.842
25.932,-231.400
31.797,-1.902
-49.18,-57.01
74.44,-9.09
63.372,-8.121
14.06,-23.78
3.62,1.74
-91.661,8.096
21.153,-51.792
70.674,-114.026
2.368,-15.323
90.53,-59.47
172.212,-130.609
-8.02,-14.42
4.72,-3.78
1.271,-7.216
28.479,-15.863
61.57,-113.11
11.786,16.740
-1.000,-24.451
-30.919,-35.105
89.595,-16.328
-40.375,-59.486
105.778,-31.727
19.770,-21.918
11.072,-9.667
147.926,6.794
0.100,-11.688
10.76,81.92
-2240.085,-3421.809
-8.047,-162.274
62.52,-7.24
-24.314,-7.053
56.28,-82.26
21.251,-34.168
-27.923,-77.134
20.802,-17.039
28.558,-41.394
28.816,-42.876
-1.409,-13.722
105.10,-45.04
112.371,-46.639
108.81,-46.80
107.526,-36.200
115.46,-23.42
106.212,-27.692
110.580,-32.809
107.316,-31.000
104.97,-15.14
106.971,-26.247
87.435,-20.978
106.148,-20.294
9.504,18.501
108.443,-21.171
115.369,-18.825
-8.802,-30.335
96.553,-15.772
113.774,-21.321
104.066,-14.900
-20.32,-5.32
20.236,-20.406
-48.723,-55.757
3.540,-2.298
0.644,-0.794
67.572,48.489
-4.56,-17.84
103.488,-24.354
83.17,-20.97
99.496,-34.330
84.967,-8.794
63.45,-188.94
107.32,-24.52
106.565,-19.249
35.477,-63.675
103.083,-24.427
104.695,-14.861
-0.058,-12.345
47.937,-31.407
-3.87,-5.69
-1.469,-7.681
44.049,-64.028
1.53,-5.01
-3.790,-5.993
-22.876,4.140
-80.036,-154.416
24.625,-93.608
-114.740,-272.059
-49.27,-12.72
-36.89,38.85
3.181,-17.028
82.319,-35.743
1.41,-29.91
464.06,11.21
-2.21,0.85
15.94,-14.52
4.367,1.864
8.268,39.096
45.851,52.385
130.264,169.338
42.561,212.705
0.883,-3.065
-10.609,-2.561
9.45,-20.71
-25.273,-3.715
6.79,-14.88
25.099,-47.413
4.391,-15.012
67.391,-40.958
1.422,-54.863
-6.141,17.895
-74.408,-44.909
41.49,-128.73
29.71,-16.41
0.561,1.340
-0.589,-6.482
-6.395,-1.809
-17.86,25.57
1.71,6.29
23.816,-134.343
39.894,-87.358
13.468,46.312
66.661,16.114
31.45,-67.87
-20.673,-75.488
0.765,-5.245
0.396,-6.606
-46.286,-32.046
17.80,-31.15
4.185,-7.263
60.769,-7.443
0.83,3.91
9.310,-0.519
54.278,16.252
-82.82,-75.39
1.31,0.50
0.25,-1.97
24.39,-31.02
42.803,-16.017
21.13,-73.11
126.17,-43.67
15.053,-37.695
520.569,-664.488
-0.564,-10.953
-0.264,-3.415
-25.256,12.339
11.173,-75.077
-7.928,-6.012
-8.11,-12.88
-1.802,-3.476
-17.160,-45.512
1.047,0.433
-0.077,1.563
-3.552,135.626
-0.71,-3.46
-17.61,-9.24
-14.82,-45.02
-12.675,7.536
-3.30,-4.91
0.401,-1.038
96.167,-339.569
-1.050,-38.934
-1.52,-4.33
22.76,-173.58
11.48,-37.20
15.52,-19.67
0.05,-7.06
6.356,-18.685
15.865,-45.656
42.771,-33.508
0.746,-0.005
1.86,-4.48
4.458,-21.757
-0.327,-4.573
0.27,-2.26
-0.34,-2.94
98.301,-305.022
2.896,-3.183
5.10,-33.30
1.031,-1.019
-0.22,-1.50
-24.785,-17.721
0.754,-25.459
1.44,-0.78
0.64,-0.69
4.52,-7.11
-2.113,8.501
2.262,0.994
1.42,-0.46
-0.10,-4.87
3.56,1.18
-5.02,-86.01
6.635,-42.328
27.627,-32.416
-21.32,-10.10
12.404,-22.558
1.78,-20.07
-3.000,-4.339
3.50,-15.47
5.277,-3.901
6.55,-41.17
4.960,-11.489
0.84,0.00
-54.590,-14.371
4.6,-0.4
3.19,2.03
-15.402,-49.302
1.46,-1.28
-14.54,-1.07
0.726,9.448
-291.757,-368.521
-37.777,42.393
3.271,-22.176
1.58,-24.82
-56.44,-0.95
-28.30,-24.97
7.958,0.713
36.426,-45.606
43.63,-73.79
3.72,-10.11
-2.06,-1.95
-13.211,-13.716
-0.726,-5.700
-162.54,-99.51
8.707,-37.686
-17.806,-3.153
-22.98,-18.22
27.54,11.30
-6.890,-7.973
7.208,-7.999
-15.428,2.156
0.040,-0.663
9.575,-46.120
-41.474,139.222
229.027,-647.930
0.692,6.510
-4.095,31.125
54.77,404.20
-3.24,10.21
34.590,-14.688
18.39,-10.87
9.452,-54.087
-0.064,-2.685
-1.61,-118.33
8.132,-19.675
0.962,-2.500
6.78,-20.23
-8.243,-0.655
1.690,-3.003
-6.278,4.016
-17.005,13.152
-5.955,-3.680
12.492,56.996
-16.439,121.584
0.391,0.121
-10.221,-16.956
-70.88,-261.42
0.373,-51.616
-59.530,-7.766
1.583,-11.582
5.49,-16.80
0.29,-20.12
-0.886,-9.240
-1.512,-1.430
7.773,-60.906
-4.69,-19.30
-5.405,-1.416
7.32,4.03
-22.946,-52.045
-0.28,87.94
56.39,-110.03
-6.82,-13.10
-1.698,-4.845
-15.127,7.701
-37.686,1.336
2.306,-8.969
1.625,-5.216
-5.78,-2.86
-6.86,-2.76
-7.042,-3.342
-7.761,-2.267
-3.23,-0.78
-2.91,6.22
-14.41,25.21
-0.576,-55.657
-7.718,-11.191
-22.853,-108.763
0.292,-13.521
-16.783,-13.864
-8.358,-27.667
-5.57,-12.36
7.87,-84.32
13.81,-54.96
-0.452,-52.279
-2.61,-1.61
-13.463,18.621
-7.166,-8.777
62.57,-69.97
16.316,16.885
-3.286,4.201
-0.44,-3.87
-25.542,-137.253
-1.66,-47.31
-37.595,24.234
-39.651,-8.859
-5.719,-35.781
-15.993,-10.899
-115.73,-190.55
-2.200,-6.421
68.745,-86.832
-6.953,-5.179
-24.428,-11.916
-17.309,-15.921
-136.654,-14.322
-2.462,8.996
-3.56,2.42
51.109,39.971
-0.242,-10.241
-5.46,3.58
-3.771,4.066
-8.84,3.73
-9.822,-9.990
-7.054,-0.392
-7.29,-0.41
-2.203,-3.776
-5.05,2.24
-0.14,-11.36
-2.21,3.61
3.24,1.33
-5.98,4.59
-10.659,0.710
-10.554,11.163
-17.46,71.63
-13.026,12.568
45.314,2.986
-30.725,-48.515
-12.384,-1.967
-19.210,-33.061
52.508,-89.655
-17.952,-45.679
-46.157,-36.007
12.727,-41.447
-4.706,-102.950
0.79,4.52
-26.764,-9.813
-0.460,217.452
-3.816,3.896
-3.12,3.31
-5.568,9.286
-11.88,6.87
-2.865,3.678
-2.31,5.02
-6.91,3.17
-10.25,5.82
-10.172,6.621
-10.05,6.47
-10.69,7.71
-9.529,9.565
-18.376,-8.220
-4.081,-21.023
-97.064,-22.733
159.09,193.29
-33.931,-52.782
-29.312,-21.779
-122.66,-84.03
13.722,15.078
-66.676,-29.082
-15.13,-9.79
-56.450,-121.068
-60.474,-23.693
2.113,-8.169
-0.57,-18.85
-15.574,-15.478
-4.583,-8.414
-62.112,11.141
-51.76,-38.29
-3.109,-43.633
-4.14,5.81
-19.836,15.281
38.492,27.757
-37.975,-105.132
-191.45,-145.19
-32.841,-106.002
5.374,-1.199
-28.64,-12.86
-714.59,-1036.80
-15.909,42.696
-2.534,-5.305
-2.129,-0.868
-67.624,16.998
-74.61,-19.59
-2.171,-27.678
-3.03,-7.42
-87.258,-11.556
-88.134,-0.860
-89.46,-0.33
-18.556,11.081
-17.567,21.662
-60.256,-7.742
-14.21,16.32
-7.398,6.062
-7.547,5.591
-0.830,-4.510
-21.877,17.036
-10.200,9.511
-21.11,15.81
-17.480,-28.334
62.66,-230.32
-13.326,-20.079
-626.55,-45.80
-23.39,-54.57
-77.972,-51.680
-30.318,-25.278
-13.704,-4.043
-10.562,-20.237
-7.120,0.329
-10.782,5.991
54.538,-117.165
-28.489,23.378
-4.81,-0.89
-10.09,4.26
-5.09,3.90
-13.782,29.646
-222.267,1707.696
-10.18,6.34
130.960,-170.919
-11.774,7.368
-32.315,-46.221
-27.843,-30.555
16.663,7.197
-15.114,-39.830
-10.504,-3.489
3.990,-5.338
-26.731,-42.591
-28.194,105.650
67.60,-76.26
-53.772,-2.687
-30.42,11.49
-11.655,2.537
-8.220,6.546
-29.71,16.68
-8.92,3.34
-11.265,-19.506
-5.831,-9.488
23.227,-67.764
118.325,-148.433
-34.708,-62.992
-18.81,-4.50
-25.79,8.09
-250.947,58.202
-12.796,-3.749
-9.87,-5.55
-83.35,46.23
-7.30,9.75
-9.072,3.211
-20.843,-18.970
-51.953,-19.416
-46.82,-49.24
-212.044,-25.969
-66.43,-23.41
-11.721,3.316
-110.33,100.48
-25.927,-40.692
-33.427,-115.457
-80.791,-44.858
-46.573,-44.296
-59.639,-56.615
-13.849,-12.252
-18.617,-103.771
-28.308,-3.883
-34.75,-73.26
-21.240,15.334
-24.186,-4.173
-22.070,-43.699
-103.51,-39.48
-17.67,-229.26
-9.880,1.155
-63.575,-50.654
-14.686,-18.466
-228.11,-43.82
-68.867,-7.551
-17.33,-29.41
-19.48,-15.92
-19.39,-1.08
-11.62,-1.36
-81.269,2.030
10.316,-15.012
3.416,-96.804
-23.876,-12.407
-24.751,-91.427
-14.27,10.43
9.84,-20.80
-5.598,15.832
-53.031,-66.186
-43.741,-34.754
-13.014,-32.535
60.077,20.781
60.732,20.396
42.181,-31.160
-15.525,-12.905
-100.06,15.46
-20.146,-22.776
-134.31,87.89
82.731,-101.976
-23.80,-124.58
41.607,41.819
-17.666,-13.765
43.533,-69.825
10.11,-93.79
-47.17,-13.49
47.072,8.543
233.05,-356.30
106.394,32.491
53.687,1.376
4.093,-54.551
51.003,18.217
-5.949,7.786
-1.73,0.41
54.36,-23.29
-5.215,-3.775
98.07,-13.22
37.014,-159.351
127.378,-122.603
66.952,49.814
18.759,5.426
-18.216,-18.058
-18.363,-259.002
86.023,159.404
47.229,-64.071
31.10,-94.56
4.55,-49.02
95.97,38.29
245.567,119.038
-17.457,-6.236
97.193,-74.530
98.513,-110.906
-34.40,-0.08
74.256,-25.790
428.832,13.475
59.12,-18.83
-30.953,-33.890
-30.131,-30.860
73.680,84.402
171.298,125.436
-82.704,-4.233
-109.489,-108.749
14.425,6.616
-13.843,-3.790
46.677,21.962
-28.09,-44.14
108.006,-23.980
11.620,32.638
20.13,-77.72
-91.263,-53.561
-20.070,-49.425
81.721,16.695
12.79,8.48
70.357,52.549
101.712,-36.599
181.303,84.300
23.070,1.772
21.839,-1.588
-8.668,-13.383
328.95,-164.67
100.80,-105.34
9.181,15.079
33.034,-72.244
20.13,5.31
162.321,5.038
18.927,-60.119
-37.62,-24.95
13.850,-2.682
-2.23,18.10
-7.726,-127.824
-29.553,-30.168
134.861,-5.498
91.684,-95.143
98.520,-2.943
5.058,12.900
159.36,-73.17
60.374,-24.635
-38.52,-16.05
79.33,-62.01
16.026,-0.967
-33.742,30.369
12.79,0.28
-10.986,-84.834
32.61,-9.76
61.661,-34.184
56.469,4.134
18.826,15.860
134.92,-24.59
318.568,48.171
23.818,4.264
30.00,4.52
146.354,-8.343
187.56,-22.45
-0.086,-8.184
221.185,-147.090
-31.73,-28.54
-103.254,-206.394
53.452,30.201
-121.28,-97.59
-50.72,-64.22
-3.41,8.46
-121.403,-309.977
-5.482,19.833
-24.110,9.821
261.70,-296.70
-222.327,-88.641
-41.339,-71.292
14.332,0.679
28.825,-2.064
26.82,-4.27
25.17,-9.16
-26.15,-73.58
232.55,31.99
94.351,-3.130
-1721.728,854.963
-80.21,-146.29
-8.62,-9.07
94.12,-14.62
89.281,8.432
310.526,12.627
36.89,-58.99
3.567,6.028
73.431,-8.823
50.28,14.25
-13.71,-39.03
30.413,-9.053
-34.152,-26.359
117.00,16.48
50.434,-49.097
99.28,-66.32
-82.828,-269.549
38.357,-18.188
17.050,14.282
-11.596,-9.786
161.62,-230.53
-29.458,-29.125
19.521,-166.680
29.007,-9.420
29.29,8.76
-4.095,-38.019
21.539,2.282
264.634,-59.482
-27.758,-7.484
-32.898,-14.466
13.929,9.616
-147.867,-93.480
39.752,-40.956
77.36,-220.16
114.20,-25.03
13.438,-1.900
118.929,-21.928
14.803,-0.472
369.477,-16.981
17.13,-11.70
44.346,-7.951
62.615,-24.384
-6.85,-12.02
-15.15,-37.11
-8.96,-113.82
30.465,6.264
149.194,17.126
215.61,-139.02
-77.94,-206.53
59.658,-63.960
-34.087,-59.120
13.501,-7.222
12.314,12.776
-11.042,11.206
18.77,-8.21
45.517,8.126
-4.654,18.750
14.964,32.742
122.41,7.11
36.575,-195.441
-19.18,-14.10
46.941,-40.471
-6.54,87.85
124.225,278.007
91.990,-107.163
-12.172,-70.551
26.90,-7.35
-69.23,-119.67
75.014,-42.411
-57.13,-72.08
17.905,-10.329
9.474,-12.464
408.34,-35.22
-116.585,-102.608
377.146,-68.623
41.765,-43.379
-3.899,-22.759
-18.901,-43.132
24.66,-11.16
18.25,-9.39
180.832,33.072
224.295,25.396
182.92,50.36
134.223,11.219
41.931,-36.468
107.013,-13.851
95.147,5.247
143.173,-62.295
6.99,-15.66
-100.333,-63.689
-14.263,205.414
-59.156,-21.815
6.35,-14.96
83.085,-45.554
-11.171,-31.922
-18.815,-46.892
-23.268,-30.987
216.51,-129.33
-30.179,-83.636
-3.918,-8.350
6.765,-10.993
17.83,2.41
87.828,-68.611
87.005,-95.945
-105.325,61.073
-129.70,-154.80
-2.788,-27.400
-14.685,-12.777
-7.089,-13.694
76.813,21.653
-11.656,-7.553
12.85,-2.94
6.939,-3.361
307.781,47.533
77.903,-306.244
759.82,17.77
78.811,-59.761
-32.086,-24.545
15.881,-14.136
-47.972,-21.861
32.687,25.146
-146.10,-146.12
13.115,0.752
59.88,-94.09
113.377,28.978
10.855,-5.422
102.069,101.416
282.18,30.46
19.57,2.63
-125.581,-43.229
377.15,-437.43
-4.213,9.698
26.415,1.593
9.338,-20.014
111.178,4.443
83.10,-49.58
-80.17,25.59
-284.710,-193.578
142.693,-53.051
292.00,-45.95
-23.36,3.36
-26.51,-22.32
43.287,-17.670
53.843,10.742
-8.608,-0.975
51.672,-19.697
78.625,12.398
-16.496,-7.119
7.467,-12.276
4.28,-6.29
-7.897,-5.237
4.808,11.391
-19.158,15.799
-9.991,-64.427
-94.10,-47.42
31.493,2.651
71.227,53.727
-26.965,-1.154
-141.042,-113.463
23.707,-4.787
45.456,-152.116
42.39,-304.19
26.92,0.44
-27.948,-13.881
17.080,-2.826
6.32,4.80
77.22,-11.38
233.354,-493.133
21.568,-21.096
60.447,28.353
43.461,-5.924
56.171,-34.165
-72.589,9.676
-69.516,-27.520
20.979,-15.022
6.01,-17.70
55.173,-61.043
60.40,-41.30
1.98,-9.28
3.918,-9.890
-26.456,-49.740
8.735,53.512
27.14,-2.64
279.471,-85.654
48.630,17.111
-7.003,-35.176
140.876,-25.250
114.648,20.338
-27.887,-26.077
82.980,-12.383
63.473,-29.890
97.957,-20.879
-20.534,49.072
8.66,-11.33
91.63,-44.04
-48.713,-93.922
207.328,61.164
91.831,1.152
135.640,-47.447
28.050,-28.120
-461.948,-369.624
12.687,-11.581
44.49,-14.82
54.952,-15.938
87.677,-90.069
-5.971,9.170
39.32,-10.48
-25.803,11.283
51.289,-57.443
-300.737,-673.539
77.845,-106.965
77.138,-97.321
34.76,-22.95
2.942,-16.236
29.636,-24.650
100.001,13.896
-45.946,-68.172
55.75,-10.15
36.270,-2.505
191.856,36.183
9.92,-16.89
-35.24,-31.60
-101.17,-81.77
135.43,-48.61
-43.47,-45.73
-16.52,-8.25
98.74,-110.41
88.751,-27.183
-7.832,-3.654
41.437,-32.566
-7.78,-14.98
262.027,-231.606
8.299,-2.478
144.70,-41.87
-0.03,-33.07
26.933,-36.897
716.460,-941.497
17.001,-20.531
-92.55,-13.25
11.572,-8.569
188.55,-148.08
20.348,-35.671
29.086,-46.133
-4.203,-15.103
24.74,3.63
48.13,14.29
8.79,-1.06
295.476,27.442
17.504,5.298
-4.553,-36.588
187.65,136.93
73.780,-72.855
63.470,25.359
137.46,-163.44
42.976,-56.675
-228.701,-253.206
88.17,-10.15
9.009,-5.875
28.484,-74.486
22.98,-11.12
128.01,11.19
126.399,13.242
81.194,-24.267
-8.211,-4.866
-89.72,-86.42
-15.884,-7.151
-13.74,-5.12
41.336,20.923
277.4,-251.1
256.452,-239.685
-59.169,-61.603
30.008,-9.695
19.957,-18.971
8.777,-7.698
16.882,2.197
-4.591,21.277
50.81,-17.46
114.45,-84.02
15.146,-30.878
-9.874,-9.132
73.384,-26.707
10.82,-234.24
7.073,0.836
60.139,-2.475
18.339,-26.378
-53.215,-73.313
-12.87,-18.95
31.488,-13.836
14.75,-3.51
-65.05,-60.50
-15.632,-86.097
-66.071,71.499
63.163,-26.952
8.502,-11.433
66.81,-116.52
6.51,-68.21
130.117,-58.960
-57.551,-14.795
57.737,-38.838
-65.67,-42.00
153.48,36.49
175.90,-112.20
-15.844,-5.486
44.64,-52.57
-15.234,-32.711
-24.331,-27.845
149.47,-127.05
8.85,-0.72
-1.888,-5.070
-1.721,-4.969
-0.32,-5.46
-2.005,-4.512
-18.402,-46.401
-14.297,-3.274
22.77,-18.35
82.131,-18.986
149.16,-39.10
26.689,-48.894
1.790,-30.088
5.667,-5.601
2.233,1.969
6.785,-9.369
112.808,99.499
34.385,-4.263
109.428,23.678
-9.143,3.370
5.105,-1.666
-1.639,-4.319
22.99,0.88
-10.430,-9.873
40.727,6.291
87.132,17.127
27.64,-1.02
80.73,-18.70
-18.380,-18.498
-135.569,-41.790
15.99,-23.76
-171.892,-381.815
-10.028,-3.966
154.36,-42.76
45.066,11.901
9.479,-62.744
-46.308,6.614
0.723,0.276
-32.199,2.640
-138.947,-371.029
-4.801,-1.621
-3.147,9.159
-18.312,-12.105
-21.393,-9.590
-21.201,-0.520
-17.023,-7.063
34.972,0.197
-2.990,-48.949
-32.33,-125.64
-218.723,16.555
-41.018,-11.304
18.862,3.121
-17.359,0.577
-12.48,-27.37
-27.970,12.400
-12.860,-9.792
-54.488,-97.434
-23.939,-48.160
-31.64,-48.20
-20.17,-39.47
-101.446,-82.543
-8.974,-12.737
-26.193,-32.383
-11.906,-2.198
116.374,-31.265
-12.080,-6.419
-15.23,34.37
178.235,-178.053
-126.913,23.116
-46.727,-9.036
-24.69,5.04
6.989,-22.729
-726.514,-259.057
-16.946,-102.252
-14.459,-3.358
1.614,-2.014
-143.20,-37.20
-67.135,-8.899
-164.812,-50.933
46.96,-62.39
9.308,-58.066
-23.41,-21.10
-29.29,2.70
-53.23,37.24
-217.31,-54.26
-45.61,-9.21
-16.084,17.619
18.88,-21.85
52.90,0.62
-2.80,-1.82
-25.66,-15.56
-85.54,19.77
-31.41,-22.15
-39.39,19.65
-89.728,-15.945
-70.765,-22.844
18.39,-6.84
-22.829,-14.784
-82.021,-64.844
-248.73,5.59
-50.538,-6.118
-13.060,-9.669
-160.57,2.91
-0.115,-43.987
-30.60,-1.00
-217.433,-74.373
-81.47,35.34
-127.68,-110.31
-12.314,-4.941
-73.66,-59.21
-14.460,-2.770
304.30,-154.28
10.652,-39.025
-49.127,-13.023
-50.818,4.114
-129.17,-79.76
-29.598,1.704
-81.320,9.798
-27.720,60.366
-16.446,-4.506
-28.397,-3.072
16.652,7.876
0.07,7.79
-41.712,24.774
-5.93,-3.40
-52.68,-4.23
-102.355,56.865
-39.290,-23.582
-95.499,25.027
-11.135,21.596
-20.344,-38.234
-98.971,-65.543
-115.30,7.62
95.294,-40.995
-125.375,-64.870
-3.569,-25.597
21.82,-34.83
-5.694,-15.814
93.35,198.88
-15.864,-18.786
44.033,-23.714
-72.985,-27.041
92.02,-285.82
-58.094,-44.792
-111.772,-27.303
-80.03,-15.36
-76.977,-14.698
-8.67,39.07
-52.013,-23.524
-23.90,-6.42
13.868,-15.792
107.162,-0.673
-83.401,15.387
-60.211,1.978
9.014,-35.370
-462.303,128.614
80.915,-238.566
74.069,-124.443
23.28,4.29
3.298,-6.403
143.42,-129.88
-60.31,-79.10
-345.034,-46.986
-46.541,2.767
7.827,-102.911
-187.524,-3.099
34.417,-16.477
-69.211,-22.181
-83.662,41.467
-35.561,-10.651
-47.378,-75.708
-26.84,28.69
-339.398,-607.892
-453.7,-591.4
-25.56,-6.00
-142.871,-5.605
7.895,-10.518
-92.97,-11.48
55.24,-142.61
-37.527,-55.805
-16.268,-0.088
-110.37,-37.16
-25.154,24.689
-124.67,207.59
-97.42,3.65
-319.253,-17.823
-49.422,81.735
-53.63,13.63
-76.401,23.613
-10.60,-0.30
-31.040,-49.515
16.851,-10.756
1.76,43.37
19.554,-16.149
-59.38,2.55
-99.937,23.947
-22.006,140.413
-29.500,6.543
-209.62,-40.84
-670.230,822.399
-12.522,-381.196
-352.105,29.919
-60.943,-45.959
-145.49,-4.34
-3.89,5.30
60.08,-24.50
-54.159,8.741
-18.96,-181.56
91.849,125.335
27.298,-24.644
-7.150,-32.948
-43.24,-1.61
-497.68,-114.67
10.592,1.879
-32.519,15.424
-18.883,-6.935
740.746,-270.927
-49.952,-8.271
2.509,-27.315
-56.56,0.19
-218.69,57.76
0.26,-30.10
-17.071,6.830
-71.74,10.25
-66.124,-20.205
99.52,-39.19
17.017,-32.279
-39.545,-30.678
-26.55,-6.22
-15.179,-17.978
-109.426,88.930
-80.593,-31.055
-93.221,-8.348
-293.281,-63.568
33.554,-16.527
-54.665,-17.642
-158.61,21.86
-108.879,-27.661
-704.702,292.155
-77.864,-33.599
-83.95,-81.13
-26.158,-9.385
-15.874,-11.784
-11.589,-9.138
-23.071,-15.110
-11.426,-8.112
-18.180,1.106
-12.474,-9.085
26.280,-31.746
-424.597,-58.241
-210.49,-138.74
-19.342,-20.272
-42.132,-6.896
-41.277,-6.379
-28.016,-12.696
-359.699,139.016
-58.89,28.31
-71.779,-14.596
-3.030,23.285
-37.488,-17.458
81.912,-90.323
-71.532,-11.170
-605.176,85.701
-534.318,-64.270
-27.992,-20.279
-77.223,-24.409
-83.46,0.22
1.11,-56.56
-43.38,-25.25
-233.611,61.504
-235.08,53.54
-12.025,-8.119
-93.871,21.596
-37.66,-30.14
14.359,15.903
28.555,-19.862
-107.95,4.10
-469.99,-52.83
-18.08,-19.52
-29.710,-13.778
70.84,-22.54
-37.208,20.034
-20.750,-6.712
34.155,-69.539
28.883,-43.940
-8.140,-23.102
-37.705,33.723
-273.80,19.96
-48.371,10.607
-111.773,21.223
-125.28,18.47
-70.304,44.390
-800.720,882.301
-433.13,141.24
-6.06,9.14
-35.252,-33.302
-36.396,-63.956
16.629,-10.192
-13.517,-9.315
97.167,-288.066
-1070.202,-1063.849
-119.745,159.578
304.278,-114.932
-20.533,-46.131
34.475,-48.146
-58.211,-3.696
-235.951,-575.969
-59.626,-36.758
-87.957,-40.277
-19.960,-16.703
132.135,-33.841
-130.093,-21.369
-42.35,-30.67
-121.566,20.435
-50.001,-29.311
68.99,-41.85
-339.615,-82.181
-95.54,23.75
-17.203,-25.289
-46.723,23.172
45.51,-24.70
-276.903,44.621
-103.94,-43.87
15.914,82.243
-31.019,-38.850
-47.39,-7.87
-76.31,-0.49
-97.081,-17.176
-15.67,-10.49
-18.366,-59.098
31.230,17.196
-94.22,41.07
-468.923,63.469
-91.258,38.786
12.522,-6.052
60.825,-31.825
-100.681,-38.243
-462.182,-146.513
-41.68,-59.77
-13.533,-10.886
28.154,-48.279
-5.411,-41.794
-60.95,-356.29
-34.605,5.163
-28.395,13.226
17.49,-21.27
-86.260,-21.309
-49.36,-29.53
-194.664,-93.017
-10.428,-10.710
-23.157,-59.831
-19.627,-164.919
-140.625,4.024
7.25,139.88
43.70,-141.18
-12.951,-35.033
-520.53,-518.06
5.716,12.866
-1093.39,-2000.06
14.455,7.696
105.226,-31.260
-118.809,-71.508
-26.31,-419.38
-15.91,28.92
-202.484,-117.094
-63.69,-10.65
-100.531,119.870
188.574,131.580
-126.904,39.706
-69.968,26.597
-138.727,-3.338
-23.317,-55.329
-23.446,-24.638
-43.525,22.499
-50.95,21.07
-42.2,13.6
-13.57,-16.08
13.922,15.566
2.992,7.501
-60.69,-50.56
51.95,-11.08
-10.265,3.187
-38.907,-8.231
-114.03,-22.13
103.28,-318.63
-22.500,-8.898
-7.379,-13.343
38.373,-9.133
-61.46,-176.84
9.311,-3.426
127.468,-40.569
154.98,-66.43
59.929,-26.500
89.935,-124.303
-98.683,-153.908
8.851,9.815
-105.410,-62.973
-53.095,-8.339
-65.95,-14.54
-73.505,-67.871
-105.68,-68.40
-10.786,-28.376
-238.580,-62.451
-92.33,-85.67
-18.24,-20.72
-48.880,-17.284
-16.96,-27.83
-126.721,-228.837
-0.094,-3.368
24.47,-288.55
5.54,-3.12
32.046,-20.932
24.063,-16.779
-2.963,-25.374
56.41,-46.43
30.49,-119.21
15.057,-23.524
6.105,-11.251
-21.37,-29.98
-18.145,-32.242
0.01,-6.24
2.686,-2.117
23.690,-18.373
4.37,-36.65
47.391,-27.246
84.357,-33.336
-10.16,-3.66
-8.935,1.036
-5.10,-24.85
10.663,-41.073
11.963,-37.940
-12.05,-18.16
15.61,11.33
-11.09,-23.32
-10.451,-18.315
-2.37,-30.09
-16.762,-218.275
-8.53,-30.80
-6.05,-25.54
41.717,11.975
-129.56,-166.26
-2.911,-20.468
0.637,-53.975
-131.234,-98.230
96.74,-281.71
45.737,-285.189
84.87,-95.99
5.60,-25.81
108.519,-69.521
-22.08,-24.46
-614.85,-255.98
4.572,-9.291
1.272,-2.049
-39.42,-124.20
-9.016,-2.048
-71.16,-43.34
10.755,-32.180
-12.82,-4.15
-15.68,-24.88
-31.19,-100.92
32.97,14.00
-51.96,-156.56
-16.044,-16.111
-15.12,-25.18
-13.214,-24.567
-14.053,-24.937
-41.061,-27.005
-11.42,-26.83
-12.11,-23.30
-9.89,-22.83
1.097,-30.511
17.08,-138.02
4.372,-4.588
-53.92,-180.90
32.54,-25.57
-134.805,-71.730
-53.001,-253.304
10.79,21.11
209.41,62.39
26.283,27.104
10.46,-15.52
-35.40,-32.79
-10.21,-35.41
-4.32,-14.15
-10.60,-16.28
-5.53,-21.74
59.045,-48.265
-498.600,-1149.158
-465.861,-1141.168
-4.948,-10.553
-44.76,-185.66
50.61,1.22
15.14,-53.43
45.50,-31.08
61.63,-50.66
-18.530,-12.145
6.459,-26.154
68.30,-21.51
34.451,-23.898
22.220,-18.351
86.629,-78.165
-35.256,-111.519
-12.977,-17.736
44.81,-45.42
-8.98,-23.48
21.12,35.26
-56.853,-8.074
-7.37,-23.94
0.10,-118.18
5.24,-25.72
-0.900,-51.149
1.096,-17.329
0.539,-2.019
9.905,-32.048
-2.543,-7.346
28.317,-1.455
3.919,-8.092
104.663,-28.501
77.445,-58.460
37.540,-4.252
5.034,-10.825
29.058,-81.326
-22.764,-22.170
-58.731,-17.624
-36.821,-23.247
16.299,-33.679
22.636,-1.766
-12.879,-11.282
-7.225,-15.377
-18.472,-15.594
-5.2,-24.04
-7.65,-23.71
-20.29,-47.65
-5.41,-21.12
265.543,-202.584
-97.54,-44.56
0.30,-0.48
1.451,-1.626
-15.294,-23.625
6.108,-26.699
-0.575,33.156
4.943,-18.506
-1.116,-6.066
31.72,-13.33
-1.36,-36.45
-10.417,-10.913
-2.165,-60.735
-129.803,-90.543
16.560,-17.375
65.34,7.45
-34.917,-63.307
100.33,135.02
-667.446,-378.224
-45.35,-37.34
-21.145,-1.572
-25.87,21.46
0.778,-5.855
102.361,-93.091
68.437,-50.621
66.502,-9.814
17.267,-110.707
44.133,0.360
-12.44,-16.73
-41.815,-26.035
40.13,99.17
-42.10,-59.94
3.22,-4.02
193.111,-195.662
21.709,1.643
62.63,2.66
14.74,-14.32
-63.051,-6.024
-98.10,-19.65
-66.816,-152.296
307.347,-234.595
-43.269,-18.584
-1.483,-31.351
-4.991,-9.931
15.26,24.79
104.147,-84.201
43.40,2.61
-72.90,-55.55
7.724,-2.801
-32.904,32.353
33.98,-34.77
45.75,-33.59
-5.860,-10.920
-15.544,-13.847
44.530,-0.487
232.230,-495.378
-67.49,-11.75
-9.48,-116.69
48.894,54.530
7.300,1.212
6.321,-19.121
7.858,-25.896
-31.841,-21.200
-11.31,-20.47
31.130,-30.013
12.654,-37.697
15.78,-37.79
-18.006,-313.989
21.781,4.591
61.567,-41.232
-24.41,-39.66
14.228,-6.894
112.516,46.738
1.63,-2.65
1.68,-40.06
1.271,-5.828
-100.28,-25.99
-91.09,-28.21
-30.084,7.256
-47.54,-142.73
83.40,40.58
-40.370,-78.455
-92.50,-43.29
155.51,-44.43
-547.75,-701.42
-7.972,-16.398
15.558,2.571
22.975,-26.581
-19.120,-89.427
20.64,-10.63
105.195,-53.710
70.287,-22.559
10.862,-15.416
8.596,-15.536
-17.679,-41.933
-22.060,-30.827
456.058,-309.224
8.583,-3.825
29.108,-33.377
13.993,-20.922
19.021,-21.713
5.652,3.825
17.674,6.335
-1.426,-21.644
-3.441,-118.101
115.435,-67.712
35.26,5.71
20.765,-19.951
18.766,-19.647
-41.953,-103.817
-107.017,12.441
-84.884,-34.239
30.264,-47.593
-30.98,-73.42
-100.919,53.306
-17.51,-13.96
-24.64,-74.42
15.93,-13.29
124.16,-962.82
8.88,-15.27
-5.328,-12.207
12.333,17.864
10.102,-0.825
-2.892,-32.443
-0.562,-2.294
6.91,-8.21
39.657,-13.766
96.805,-10.140
-55.569,13.628
128.19,62.16
-42.213,72.995
35.792,-3.586
0.395,-10.456
-19.403,-39.531
1.459,6.760
-41.45,159.34
1.23,-12.73
0.935,-8.772
-6.994,11.952
50.044,28.363
46.474,31.313
14.656,-11.367
254.54,82.51
-17.768,4.496
133.84,44.81
2.395,16.148
15.556,-0.282
51.330,-9.057
8.279,-87.939
-13.024,-80.085
213.280,-156.953
4.528,-4.507
45.944,-480.965
8.255,-13.162
-223.952,-69.763
-20.395,-8.684
-11.462,-6.052
-1.776,13.985
-53.80,-34.04
-292.13,-10.38
5.442,-26.270
7.676,-97.830
2.005,-8.963
-62.17,79.66
9.318,29.522
536.23,385.29
53.593,-0.223
101.694,-81.141
14.201,12.049
42.906,-123.903
-178.84,-79.27
-21.422,-33.290
49.982,-11.622
108.07,-221.57
-0.89,-32.11
1.070,13.640
4.249,16.199
1.75,-10.11
16.16,-10.60
16.99,-2.98
32.745,5.630
39.045,-2.923
-56.044,32.670
-122.563,87.140
38.682,-59.551
25.226,-62.651
-8.332,41.390
-7.32,36.07
-7.269,-10.923
-51.062,-69.439
0.238,-47.108
-7.25,-95.56
14.853,-124.527
69.654,39.707
11.96,-28.97
38.867,-8.609
52.776,97.020
-49.921,-34.509
-13.172,-7.790
72.175,-5.217
21.853,-16.611
65.38,-38.61
310.93,-1282.19
-34.067,-6.700
-113.970,11.482
98.835,115.120
8.180,-33.113
16.543,13.955
11.609,18.605
0.375,-7.100
5.420,-8.189
55.446,57.339
45.52,11.74
118.09,-48.06
2.985,0.088
-9.462,-0.344
-20.44,-43.33
16.457,-11.468
39.558,27.772
-61.654,54.319
-51.88,-88.10
-68.674,-84.561
-47.39,43.81
-89.230,-65.160
-12.557,-6.890
0.178,-9.369
-1.92,-5.89
9.056,-20.830
17.962,-59.923
195.971,-243.234
-9.086,-335.655
-7.526,-10.231
35.015,7.515
87.690,-73.705
3.431,-35.132
12.100,5.142
15.076,-20.287
7.277,0.318
18.7,26.5
66.21,22.22
1.272,-13.365
-387.472,-419.497
53.82,8.47
-11.702,-203.994
-30.476,-197.504
-60.86,-43.69
-53.507,17.999
-99.15,-15.39
-21.18,-156.48
-19.355,-1.631
-43.501,-38.046
-25.328,1.821
-54.917,-103.891
-116.087,72.261
10.121,5.627
6.571,1.305
0.956,-6.636
-0.383,-5.809
23.404,-15.797
30.128,80.000
4.500,23.359
-21.233,-11.973
9.434,5.541
18.782,16.184
-312.087,-773.179
-4.349,-38.848
3.980,5.282
-16.345,39.822
-9.120,31.964
0.922,-10.270
-126.13,-107.44
8.713,16.613
22.325,36.510
-68.157,6.926
15.246,0.316
2.852,-7.278
69.968,7.444
-78.907,-64.894
-77.716,-60.971
1.208,-44.761
7.398,26.535
-0.81,2.18
82.44,-18.73
-100.150,53.998
-0.02,8.55
1.341,53.261
4.022,47.670
-1.078,-1.540
-7.17,-6.15
17.819,15.190
4.308,-9.834
15.128,-17.015
0.882,-6.543
9.807,-7.535
-3.462,-4.667
-5.335,-49.180
184.714,-164.279
120.27,-89.58
-37.817,-7.016
23.672,-16.546
-97.373,107.313
-461.52,342.28
-5.386,-2.643
-91.057,-17.686
-47.69,26.90
135.810,-1040.953
-4.298,-5.621
-15.295,24.487
1.540,-3.721
-10.685,-11.771
-3.09,1.11
114.276,18.316
6.232,9.400
-4.143,-2.763
12.235,11.229
1.520,35.883
14.908,14.425
58.17,3.84
12.541,-19.117
18.674,12.599
1.480,-10.248
-39.938,12.121
15.349,-11.775
-38.328,-185.535
-174.718,-5.036
3.855,-15.726
-180.17,85.92
4.756,-38.223
-5.537,49.931
2.863,0.258
-16.75,41.09
1.90,-3.53
-20.16,-38.34
6.89,-0.87
-3.665,-1.154
-76.611,-56.516
-117.972,-42.922
-69.512,28.662
116.83,-171.37
-20.15,-9.39
-30.287,-9.363
-22.732,-20.110
-27.29,2.82
-38.796,58.493
-39.617,3.554
-39.960,7.346
2.67,6.47
29.04,27.03
23.969,23.461
200.94,286.23
1.404,-2.884
-7.36,4.06
-1.287,-4.693
4.497,13.514
1.16,-3.47
-33.61,-27.87
35.84,-5.83
-8.98,24.11
84.74,-111.58
-48.580,13.647
-8.669,-348.350
-59.431,332.280
4.366,-16.526
35.41,-85.30
7.426,50.451
-21.558,-5.091
13.900,62.391
11.09,61.39
6.18,50.42
7.207,49.009
4.371,65.844
-0.60,-1.26
-0.80,0.36
11.629,105.208
72.665,35.379
0.930,-0.226
68.090,69.404
2.739,13.168
-2.802,-4.292
-3.612,-4.166
355.66,330.60
3.150,-11.184
29.460,79.199
30.16,-5.14
-15.384,44.260
21.05,82.06
3.676,-2.695
-3.18,-6.45
40.228,20.979
-28.342,-68.976
2.143,-2.223
14.71,-8.96
38.196,-70.153
-59.55,188.31
-9.483,-5.396
-25.166,-87.380
106.757,323.164
-0.932,373.786
1.683,-3.139
199.08,70.18
41.992,-203.157
-12.532,-9.929
4.028,-5.627
-71.038,-10.227
13.859,-7.738
-9.293,-1.012
-10.75,9.66
-16.683,30.084
-11.05,6.72
-101.85,-78.08
-4.37,8.66
-136.17,107.12
4.003,19.658
-2.73,-20.54
-43.985,27.519
68.621,-2.210
58.249,35.140
-40.08,54.59
-23.778,19.524
-6.243,9.475
-6.07,10.43
-5.60,5.76
-3.857,5.651
-6.689,1.023
-21.396,20.144
-56.878,149.108
34.36,-69.11
-7.65,10.54
19.93,23.24
4.65,83.10
23.314,227.768
-36.013,34.684
3035.017,726.964
135.92,-27.53
-147.98,61.35
-24.066,13.306
-24.01,13.52
-12.052,14.247
-12.82,4.23
-4.301,3.322
-6.05,4.66
-7.808,10.611
-5.10,7.76
18.742,-0.142
22.335,-11.593
-4.90,7.41
81.13,-71.12
-100.273,85.659
100.502,184.180
118.800,-1.521
27.785,-35.722
-47.45,-9.75
-2.816,4.137
-13.919,18.036
-13.361,10.959
-67.140,25.445
-31.368,23.452
-42.268,-18.616
-39.146,32.260
-1.302,1.637
-31.903,117.940
57.75,10.93
-24.42,34.44
-16.284,14.567
-9.792,33.350
19.32,-5.54
-150.09,49.44
-25.335,10.549
-25.119,10.305
-130.55,42.98
-20.600,15.405
-8.55,7.08
-9.29,8.85
28.99,-103.35
54.775,27.012
-21.925,11.574
-25.52,22.06
-66.07,242.97
148.129,550.143
32.88,-1.53
-0.611,12.950
-69.36,-75.78
66.672,94.675
-47.785,-167.806
101.535,-20.207
333.716,219.423
-31.417,-47.826
-33.476,-30.113
-20.362,10.937
-11.40,11.52
-27.15,-14.18
-8.651,9.224
-175.405,282.080
-6.63,5.32
-145.711,-301.180
-1.89,19.21
-23.255,119.249
13.575,28.139
-28.91,5.17
-21.81,17.32
41.97,49.42
85.705,176.113
9.80,-14.30
3.03,34.67
-73.668,-63.504
33.395,5.812
91.03,-22.23
-93.16,-91.17
-15.779,-2.912
-14.390,-1.200
-14.96,0.48
-13.08,3.55
-67.451,33.101
-32.54,5.87
-16.64,15.00
-18.86,11.98
-28.18,41.48
-4.43,8.38
-50.84,19.01
26.170,34.330
-12.184,200.786
18.485,38.123
311.534,83.557
1331.027,647.725
1337.530,649.840
382.538,373.589
42.827,-16.559
680.110,294.318
-18.06,-208.63
-23.880,5.480
-133.41,-1.82
-10.74,6.60
-34.09,18.55
-37.48,14.59
-13.780,-0.181
-2.00,-95.51
-35.74,-152.22
-29.781,29.887
23.620,108.653
11.069,107.302
2.988,25.636
-4.233,10.850
9.821,34.453
23.142,4.943
94.372,28.564
19.119,-8.749
-71.718,-131.350
166.041,-105.496
126.534,59.909
138.38,153.89
665.086,178.070
63.22,-54.21
-419.935,209.671
-12.192,5.367
-12.88,8.19
-11.51,4.71
-105.204,-39.904
19.521,-39.238
-17.188,36.518
-17.544,34.555
33.34,14.89
121.596,-212.411
27.434,61.285
66.102,43.764
87.30,0.09
263.66,26.77
309.230,10.815
262.615,14.961
-80.81,34.97
-18.80,4.85
-15.93,0.49
-14.47,2.36
-41.591,-38.694
-14.799,0.626
-24.73,7.20
-17.01,11.50
-3.870,9.088
-156.47,108.95
-8.81,-5.26
-29.432,29.926
135.924,266.877
50.85,114.74
27.256,16.598
42.107,-11.216
28.539,52.107
-50.395,3.214
78.169,38.800
-35.033,85.430
-14.75,3.10
-18.36,12.03
-22.39,11.48
-34.517,11.575
-36.01,7.09
-24.297,1.409
-129.05,40.89
-29.430,26.831
111.12,107.49
-29.197,5.181
-2.270,-1.240
-4.625,53.130
-4.815,66.518
310.909,1049.060
28.012,61.923
113.658,62.375
-33.506,-26.239
-79.629,11.798
75.927,73.401
74.337,-11.324
62.919,44.139
-28.20,1.80
-88.144,-7.202
-6.302,2.021
-4.97,1.67
-37.621,9.269
-6.480,1.900
27.59,-30.73
-16.29,-27.67
83.013,-56.328
-138.717,134.880
-4.585,2.973
10.182,125.469
121.149,-48.414
412.11,127.74
90.410,56.986
-5.07,16.51
46.542,-101.536
140.561,19.647
33.654,-49.433
-74.717,18.854
-56.17,16.19
-4.491,1.604
-6.976,1.118
-33.863,-7.236
-37.61,11.08
-36.86,5.90
-34.81,14.18
-26.011,31.141
-117.699,33.964
133.000,-34.192
6.931,-43.593
53.444,41.180
84.011,-54.850
105.607,-48.057
86.541,-50.115
-72.928,-7.964
-22.022,2.755
-28.20,-7.21
-100.35,33.49
30.340,-15.710
-127.94,-1.82
-22.050,-20.218
-56.841,-176.791
2219.54,324.09
5.25,-2.53
-4.465,4.861
1706.747,1164.959
-17.506,-6.325
120.393,-179.597
-26.946,-6.772
-49.94,-7.19
-38.874,-13.280
-35.81,-10.36
-152.35,7.00
-18.467,0.467
-37.431,-6.576
33.88,-37.02
-29.729,-6.647
-1.467,-47.437
-231.04,-26.39
-51.34,-5.40
-77.818,45.738
-37.97,11.15
-88.395,-23.285
-36.555,-135.715
16.782,11.957
26.323,4.721
-37.556,61.431
-54.49,1.16
-45.670,-15.666
-22.246,-23.235
47.93,-22.95
78.849,-61.755
58.510,62.022
9.526,-23.213
-35.35,5.56
-30.66,-10.13
-76.734,-15.551
28.23,-265.08
-12.820,-3.948
-170.93,91.67
-39.548,-13.760
-40.20,-12.80
264.17,-22.75
-108.236,-132.718
-19.981,-65.222
18.954,52.520
-8.312,-17.597
-96.12,-13.27
2.984,-9.385
136.944,95.932
68.14,-31.86
56.81,-43.47
20.003,-12.607
-37.392,13.788
-186.081,-6.757
-32.36,-12.51
-42.97,-16.18
112.266,-65.641
-24.464,-4.226
-32.92,-14.60
-4.272,-1.664
-36.46,-11.36
-55.129,1.026
-87.54,-32.54
-4.58,-15.88
-9.51,-14.34
68.656,-250.044
1303.872,-674.186
-10.769,74.585
52.734,119.983
-123.84,-30.17
-185.72,5.79
-30.068,-15.526
-30.69,-13.08
-28.386,-10.447
-29.518,-21.698
28.959,-21.326
-69.161,-16.583
-10.23,-37.43
-1.817,-31.511
-125.51,-78.25
190.891,-9.479
12.985,-369.816
-24.451,-4.913
40.07,-20.17
-64.223,-17.832
57.129,-106.006
-79.450,-24.729
-26.15,-12.03
-15.517,-26.408
0.996,-18.345
-281.986,-354.837
42.561,-21.617
-70.72,-39.44
30.717,17.334
107.195,-62.575
-25.096,2.455
132.50,-26.66
-29.85,-15.17
-33.27,-23.16
-66.58,-32.31
4.621,19.730
81.78,-132.16
-64.120,-49.688
80.815,800.573
56.620,-53.512
-3.24,-6.73
-1.823,-7.517
-15.30,-11.72
-38.997,-26.863
-7.194,-9.419
-192.53,-233.51
103.058,8.499
24.35,-54.47
-8.966,-6.343
200.742,109.341
-1.881,-11.363
0.81,-158.15
-42.67,9.94
9.098,-23.224
3966.661,-2536.192
41.94,-3.93
135.16,-4.38
10.00,-27.62
-9.64,-7.46
-3679.25,473.67
-3608,686
-3614.39,802.98
-11.70,-11.69
3.209,9.344
-14.268,-11.680
17.99,-31.58
-37.437,-7.925
-8.186,16.042
-17.321,-190.056
38.596,-70.984
1211.761,-1130.237
233.177,-58.241
25.72,-3.32
-14.08,2.57
-57.37,-44.55
-97.74,-134.15
-4.085,-3.758
-188.66,-401.85
2.73,-12.92
53.428,25.638
34.381,-29.921
-11.96,-56.57
-38.400,-78.362
69.912,-185.861
59.61,-72.69
313.012,-569.473
20.79,-25.20
126.69,-147.47
-26.77,-20.18
-24.25,-18.64
-27.51,-22.44
4.873,-17.824
-29.26,-15.72
-17.287,-82.275
27.364,6.503
-76.952,222.452
18.02,-207.57
-1.11,-45.31
-1.86,-13.02
6.90,-86.02
15.421,-37.115
-22.90,-21.69
-22.77,-20.13
14.62,-7.33
-12.56,-4.76
-13.09,-14.67
-20.94,-23.67
-28.26,-28.82
-112.92,-71.18
-120.01,-82.09
39.73,-24.91
-54.01,-99.25
-1.775,8.960
-125.674,32.426
90.983,-137.406
155.80,-53.86
0.870,-5.177
-10.37,-10.28
-97.126,-48.849
-4.057,-4.639
-4.590,-22.568
-98.817,-42.070
-17.80,-36.67
-0.44,-15.77
-15.034,11.334
-24.15,-21.90
-25.20,-27.13
-15.707,-18.158
-25.175,-17.856
-141.535,-133.142
-1623.275,-275.548
2.16,22.04
-22.409,-143.793
-8.039,-25.927
-50.775,-149.745
12.18,-8.76
32.209,-116.646
25.824,-82.965
49.24,66.53
39.432,26.204
80.022,24.880
24.64,-0.25
19.357,10.764
-17.62,-22.51
-35.78,-39.83
-22.01,-21.75
-22.86,-18.87
-20.794,-20.794
42.05,9.14
-1.69,-3.39
-159.71,-52.25
13.004,7.554
-15.034,-190.901
38.421,-96.728
11.560,-35.355
175.510,-118.374
28.531,-12.090
-29.92,-30.68
-9.163,-17.377
-149.80,57.37
-169.106,-266.391
-18.440,41.784
-34.654,-45.784
-13.68,-19.89
-6.209,-17.699
103.685,-175.956
-8.27,-8.70
139.10,-228.66
-8.190,-36.977
40.977,-84.466
-13.07,13.64
-29.489,-109.632
-44.781,-16.941
-26.10,-54.77
-15.62,-25.43
7.59,-13.30
0.02,-1.98
1029.610,106.935
-25.78,-38.30
-18.837,-38.102
-16.95,-53.09
-3.75,-27.43
1.471,-10.798
93.45,-54.09
2.890,-18.125
22.61,51.40
105.391,62.841
212.563,89.058
20.87,30.64
413.480,116.037
-64.350,-59.503
-295.220,-74.313
6.014,3.700
1.744,3.390
45.340,-97.647
359.565,619.186
-198.096,238.812
24.616,54.757
-23.542,-12.414
-6.518,-2.956
32.692,-2.895
36.985,-150.889
220.022,-124.661
89.74,-55.81
81.136,-6.795
-36.663,6.068
70.028,-33.714
-13.33,38.48
-439.836,-214.071
-546.01,-1223.07
70.691,8.888
-60.641,-28.047
-71.5,-34.5
-3.101,-8.174
125.972,-42.909
-413.372,-98.047
132.908,16.011
-9.823,-30.085
-39.38,7.71
79.486,40.041
54.277,9.902
-5.197,-0.984
-4.452,-4.010
-52.197,-46.004
36.999,11.169
-35.213,-23.304
-67.012,3.473
-14.011,-3.919
8.995,36.267
-12.012,6.231
-19.359,4.085
-52.273,23.058
-50.502,16.613
26.330,0.079
9.198,-38.257
-1.106,6.383
-19.696,144.907
30.035,-34.931
-73.952,5.748
-4.385,-23.297
-3.300,-1.590
24.59,-14.01
-228.031,-229.577
87.00,-38.24
70.440,-41.070