196.99,410.28,
4164.209,3249.614,
-0.13,-3.58,
-1.228,11.238,
-1.98,-5.36,
93.83,10.71,
-12.734,-30.026,
8.446,-7.143,
159.606,-421.822,
5.49,0.28,
-24.570,-36.886,
31.681,9.024,
357.564,-110.039,
-13.395,8.635,
42.32,-49.30,
60.900,15.491,
22.35,1.45,
-0.37,-3.33,
90.23,95.56,
33.779,6.213,
18.84,-7.18,
4.05,-12.43,
-0.950,-42.638,
-20.90,-14.46,
-18.669,-186.190,
25.048,-41.522,
129.22,-105.70,
9.64,-22.75,
7.97,0.06,
4.632,-8.487,
43.166,104.326,
-24.341,-93.511,
137.51,17.01,
-5.274,-3.303,
-51.83,-103.80,
29.453,-8.152,
16.126,-6.050,
61.95,-112.15,
-26.26,5.40,
2.99,-1.66,
2.39,-0.91,
11.94,-2.08,
2.77,-2.00,
-13.25,-186.77,
17.38,-9.86,
3468.251,-1564.844,
24.289,-14.483,
24.574,-35.977,
165.691,-138.559,
-61.008,-0.964,
2.01,1.85,
-2.233,-2.516,
6.53,-1.41,
7.857,4.065,
5.29,-1.78,
60.379,56.828,
-4.699,-3.112,
50.88,-32.13,
1078.609,-551.133,
226.77,-18.75,
34.245,-2.924,
334.708,-89.251,
-14.45,2.53,
13.52,5.24,
15.35,3.52,
6.94,-1.95,
523.50,-179.77,
-31.200,-44.986,
-92.611,-45.397,
25.65,-3.82,
-44.188,-18.538,
-1.479,-1.231,
0.640,-1.692,
-8.311,-2.580,
23.008,-24.435,
22.756,-24.446,
3.954,18.968,
13.597,-1.396,
0.180,-2.319,
10.058,6.873,
5.36,-3.51,
-7.020,-10.812,
12.29,-12.44,
3.65,-2.07,
296.57,-49.22,
16.23,-13.54,
0.51,-5.92,
23.75,-26.23,
22.20,-29.49,
22.55,-27.78,
25.58,-43.06,
44.07,48.66,
16.400,5.490,
-3.74,-2.10,
-2.007,-4.293,
-1.595,-3.026,
14.416,58.123,
215.46,91.06,
0.196,-19.295,
-65.89,-125.17,
29.587,-18.387,
-12.960,69.781,
21.73,-33.61,
-37.044,-27.970,
61.82,82.18,
150.55,49.09,
5.20,5.69,
75.50,26.93,
-12.75,-35.60,
5.52,-17.37,
21.659,-35.177,
-8.87,262.45,
-10.838,-69.524,
34.798,-13.904,
86.50,818.02,
76.295,-14.091,
15.067,-10.313,
45.42,-56.72,
33.242,-47.640,
20.59,128.33,
6.036,9.787,
12.54,8.39,
-43.513,-39.985,
33.041,2.809,
6.81,-34.06,
2.463,-33.829,
-11.616,-13.641,
-55.69,-8.71,
-43.57,22.30,
-5.197,-16.099,
22.004,-80.894,
60.07,122.83,
29.887,46.371,
-7.294,-73.353,
9.282,-11.929,
16.44,47.31,
-11.813,-20.561,
52.892,-140.618,
15.09,41.12,
7.257,-17.260,
139.92,-47.79,
18.17,-42.85,
-24.51,7.71,
75.25,-426.89,
-3.01,23.02,
79.097,26.328,
95.74,91.92,
597.384,-1738.286,
11.228,24.615,
-0.13,6.89,
-6.50,-14.15,
-6.264,-7.118,
15.017,-54.469,
0.068,-7.961,
105.816,-26.846,
50.280,42.736,
-129.430,93.738,
52.390,-119.469,
80.65,-11.54,
352.918,35.572,
-5.03,37.86,
531.21,-349.71,
44.48,-11.85,
0.831,-17.625,
-7.049,12.959,
85.814,-142.928,
-3.755,-7.785,
-8.48,-22.79,
93.82,78.50,
-12.689,132.600,
88.254,-271.791,
18.925,2.423,
10.17,53.97,
-10.59,-3.11,
-7.48,4.53,
4.870,7.705,
0.704,4.757,
-5.35,23.86,
-6.518,-1.714,
-0.155,-2.131,
-15.89,12.28,
-20.43,19.61,
19.91,-1.99,
-44.146,8.051,
-58.16,67.87,
-0.30,-16.81,
-24.299,34.349,
-30.815,33.335,
6.08,-122.83,
3.988,4.748,
-44.112,-30.066,
-16.394,57.094,
-17.73,17.90,
4.073,9.477,
8.79,21.76,
-32.61,11.42,
-21.52,-3.12,
22.57,-51.35,
-48.049,26.315,
-319.51,334.97,
-27.513,-26.907,
-64.043,77.209,
-21.736,17.726,
-37.50,-52.29,
13.13,-90.93,
13.119,-87.881,
-22.484,-40.649,
-59.861,26.544,
-133.644,-107.664,
-10.22,-49.29,
-8.36,17.08,
-56.34,17.21,
-57.311,-50.365,
-32.393,-4.449,
-58.571,10.110,
-40.97,-19.19,
107.99,27.15,
104.904,-69.926,
-7.826,-31.083,
-25.359,36.884,
55.458,-61.501,
1.34,-5.15,
-3.658,-30.126,
-60.95,-3.11,
-134.11,-34.70,
-294.441,-151.663,
-24.607,-28.808,
438.839,629.541,
0.542,33.041,
48.858,60.396,
-136.33,-32.60,
-332.062,87.352,
61.899,-9.615,
-149.277,89.135,
-235.40,-399.07,
114.529,-26.887,
122.467,-22.682,
120.21,-16.04,
-19.06,-10.56,
107.94,2.05,
111.91,-8.24,
104.11,7.30,
81.43,33.49,
66.449,37.145,
-6.00,19.16,
-65.74,-37.32,
-947.46,-535.60,
-36.19,-55.40,
-441.29,-215.32,
-25.16,-99.23,
10.563,-8.385,
-22.887,-12.041,
61.380,59.791,
24.780,8.594,
-58.799,59.974,
107.68,11.01,
-65.881,-9.253,
-4.372,19.887,
-14.708,46.370,
-187.33,159.05,
-121.17,-14.91,
-128.38,28.05,
-35.161,16.342,
12.955,11.323,
221.750,-92.356,
-30.236,-32.032,
-474.31,-204.21,
-40.15,-28.86,
-13.886,5.802,
-138.29,28.57,
-115.71,151.16,
-62.02,-27.41,
-152.974,-49.462,
-116.432,-25.860,
-13.515,10.268,
-10.41,-76.85,
-147.851,-55.251,
153.33,-8.28,
-26.276,-73.782,
269.30,93.75,
193.549,-68.888,
-2.800,46.883,
51.89,32.92,
13.08,13.33,
370.87,611.33,
-53.633,-14.447,
18.800,0.597,
-14.68,-16.46,
-66.384,-74.413,
70.741,-43.156,
14.23,7.27,
-974.758,20.876,
2.71,-5.91,
8.18,-10.43,
20.84,-46.06,
-232.563,-481.472,
3.724,-5.619,
-93.634,744.360,
36.026,-7.362,
44.94,-28.16,
4.815,13.836,
-91.00,-70.67,
-19.334,7.638,
5.77,-9.92,
21.24,-40.56,
20.95,-45.98,
21.13,-43.65,
17.70,-44.18,
19.496,-47.650,
19.34,-43.67,
23.848,-23.090,
26.00,-0.23,
56.125,59.445,
47.218,48.519,
-159.920,-529.646,
30.202,-6.579,
31.797,-1.902,
-49.18,-57.01,
74.44,-9.09,
63.372,-8.121,
14.06,-23.78,
3.62,1.74,
-91.661,8.096,
21.153,-51.792,
90.53,-59.47,
-8.02,-14.42,
4.72,-3.78,
28.479,-15.863,
61.57,-113.11,
11.786,16.740,
-1.000,-24.451,
-40.375,-59.486,
19.770,-21.918,
11.072,-9.667,
10.76,81.92,
-2240.085,-3421.809,
-8.047,-162.274,
62.52,-7.24,
-24.314,-7.053,
-27.923,-77.134,
105.10,-45.04,
112.371,-46.639,
108.81,-46.80,
107.526,-36.200,
115.46,-23.42,
106.212,-27.692,
110.580,-32.809,
107.316,-31.000,
104.97,-15.14,
87.435,-20.978,
106.148,-20.294,
9.504,18.501,
108.443,-21.171,
-8.802,-30.335,
104.066,-14.900,
-20.32,-5.32,
-48.723,-55.757,
67.572,48.489,
-4.56,-17.84,
83.17,-20.97,
63.45,-188.94,
35.477,-63.675,
103.083,-24.427,
104.695,-14.861,
47.937,-31.407,
-1.469,-7.681,
44.049,-64.028,
1.53,-5.01,
-22.876,4.140,
-80.036,-154.416,
24.625,-93.608,
-114.740,-272.059,
-49.27,-12.72,
-36.89,38.85,
3.181,-17.028,
82.319,-35.743,
1.41,-29.91,
464.06,11.21,
-2.21,0.85,
15.94,-14.52,
45.851,52.385,
42.561,212.705,
0.883,-3.065,
9.45,-20.71,
-25.273,-3.715,
6.79,-14.88,
67.391,-40.958,
1.422,-54.863,
-6.141,17.895,
-74.408,-44.909,
41.49,-128.73,
0.561,1.340,
-0.589,-6.482,
-17.86,25.57,
1.71,6.29,
39.894,-87.358,
31.45,-67.87,
-20.673,-75.488,
-46.286,-32.046,
17.80,-31.15,
4.185,-7.263,
0.83,3.91,
9.310,-0.519,
54.278,16.252,
-82.82,-75.39,
1.31,0.50,
0.25,-1.97,
24.39,-31.02,
42.803,-16.017,
21.13,-73.11,
126.17,-43.67,
15.053,-37.695,
520.569,-664.488,
-0.564,-10.953,
-0.264,-3.415,
-25.256,12.339,
11.173,-75.077,
-8.11,-12.88,
-1.802,-3.476,
1.047,0.433,
-0.077,1.563,
-3.552,135.626,
-0.71,-3.46,
-17.61,-9.24,
-14.82,-45.02,
-12.675,7.536,
-3.30,-4.91,
0.401,-1.038,
96.167,-339.569,
-1.050,-38.934,
-1.52,-4.33,
22.76,-173.58,
0.05,-7.06,
1.86,-4.48,
0.27,-2.26,
-0.34,-2.94,
98.301,-305.022,
2.896,-3.183,
5.10,-33.30,
1.031,-1.019,
0.754,-25.459,
1.44,-0.78,
0.64,-0.69,
4.52,-7.11,
-2.113,8.501,
2.262,0.994,
1.42,-0.46,
-0.10,-4.87,
3.56,1.18,
-5.02,-86.01,
27.627,-32.416,
12.404,-22.558,
1.78,-20.07,
3.50,-15.47,
4.960,-11.489,
0.84,0.00,
-54.590,-14.371,
4.6,-0.4,
3.19,2.03,
-15.402,-49.302,
1.46,-1.28,
-14.54,-1.07,
-291.757,-368.521,
3.271,-22.176,
1.58,-24.82,
-56.44,-0.95,
-28.30,-24.97,
7.958,0.713,
36.426,-45.606,
43.63,-73.79,
3.72,-10.11,
-2.06,-1.95,
-13.211,-13.716,
-162.54,-99.51,
-22.98,-18.22,
27.54,11.30,
-6.890,-7.973,
-15.428,2.156,
9.575,-46.120,
-41.474,139.222,
229.027,-647.930,
-4.095,31.125,
54.77,404.20,
-3.24,10.21,
34.590,-14.688,
18.39,-10.87,
-1.61,-118.33,
8.132,-19.675,
0.962,-2.500,
6.78,-20.23,
-6.278,4.016,
-17.005,13.152,
-5.955,-3.680,
12.492,56.996,
0.391,0.121,
-70.88,-261.42,
-59.530,-7.766,
5.49,-16.80,
0.29,-20.12,
-4.69,-19.30,
-5.405,-1.416,
7.32,4.03,
-22.946,-52.045,
-0.28,87.94,
56.39,-110.03,
-6.82,-13.10,
-1.698,-4.845,
-15.127,7.701,
2.306,-8.969,
-5.78,-2.86,
-6.86,-2.76,
-7.761,-2.267,
-3.23,-0.78,
-2.91,6.22,
-14.41,25.21,
-0.576,-55.657,
0.292,-13.521,
-5.57,-12.36,
7.87,-84.32,
13.81,-54.96,
-0.452,-52.279,
-2.61,-1.61,
-7.166,-8.777,
62.57,-69.97,
16.316,16.885,
-3.286,4.201,
-0.44,-3.87,
-25.542,-137.253,
-1.66,-47.31,
-5.719,-35.781,
-115.73,-190.55,
68.745,-86.832,
-24.428,-11.916,
-17.309,-15.921,
-136.654,-14.322,
-2.462,8.996,
-3.56,2.42,
51.109,39.971,
-5.46,3.58,
-3.771,4.066,
-8.84,3.73,
-9.822,-9.990,
-7.054,-0.392,
-7.29,-0.41,
-5.05,2.24,
-0.14,-11.36,
-2.21,3.61,
3.24,1.33,
-5.98,4.59,
-10.659,0.710,
-17.46,71.63,
45.314,2.986,
-30.725,-48.515,
-46.157,-36.007,
12.727,-41.447,
0.79,4.52,
-0.460,217.452,
-3.816,3.896,
-3.12,3.31,
-11.88,6.87,
-2.865,3.678,
-2.31,5.02,
-6.91,3.17,
-10.25,5.82,
-10.172,6.621,
-10.05,6.47,
-10.69,7.71,
-9.529,9.565,
-4.081,-21.023,
-97.064,-22.733,
159.09,193.29,
-33.931,-52.782,
-29.312,-21.779,
-122.66,-84.03,
-66.676,-29.082,
-15.13,-9.79,
-56.450,-121.068,
-60.474,-23.693,
-0.57,-18.85,
-4.583,-8.414,
-62.112,11.141,
-51.76,-38.29,
-3.109,-43.633,
-4.14,5.81,
-37.975,-105.132,
-191.45,-145.19,
-32.841,-106.002,
5.374,-1.199,
-28.64,-12.86,
-714.59,-1036.80,
-2.129,-0.868,
-67.624,16.998,
-74.61,-19.59,
-2.171,-27.678,
-3.03,-7.42,
-89.46,-0.33,
-18.556,11.081,
-17.567,21.662,
-60.256,-7.742,
-14.21,16.32,
-21.11,15.81,
-17.480,-28.334,
62.66,-230.32,
-13.326,-20.079,
-626.55,-45.80,
-23.39,-54.57,
-77.972,-51.680,
-30.318,-25.278,
-13.704,-4.043,
-10.782,5.991,
54.538,-117.165,
-4.81,-0.89,
-10.09,4.26,
-5.09,3.90,
-13.782,29.646,
-10.18,6.34,
130.960,-170.919,
-11.774,7.368,
-32.315,-46.221,
-27.843,-30.555,
-28.194,105.650,
67.60,-76.26,
-53.772,-2.687,
-30.42,11.49,
-11.655,2.537,
-8.220,6.546,
-29.71,16.68,
-8.92,3.34,
-34.708,-62.992,
-18.81,-4.50,
-25.79,8.09,
-12.796,-3.749,
-9.87,-5.55,
-83.35,46.23,
-7.30,9.75,
-9.072,3.211,
-46.82,-49.24,
-66.43,-23.41,
-11.721,3.316,
-110.33,100.48,
-22.070,-43.699,
-103.51,-39.48,
-17.67,-229.26,
-228.11,-43.82,
-68.867,-7.551,
-17.33,-29.41,
-19.48,-15.92,
-19.39,-1.08,
-11.62,-1.36,
-81.269,2.030,
10.316,-15.012,
3.416,-96.804,
-23.876,-12.407,
-24.751,-91.427,
-14.27,10.43,
9.84,-20.80,
-43.741,-34.754,
-13.014,-32.535,
60.732,20.396,
42.181,-31.160,
-100.06,15.46,
-134.31,87.89,
82.731,-101.976,
-23.80,-124.58,
41.607,41.819,
-17.666,-13.765,
10.11,-93.79,
-47.17,-13.49,
47.072,8.543,
233.05,-356.30,
106.394,32.491,
53.687,1.376,
-5.949,7.786,
-1.73,0.41,
54.36,-23.29,
98.07,-13.22,
18.759,5.426,
86.023,159.404,
31.10,-94.56,
4.55,-49.02,
95.97,38.29,
-34.40,-0.08,
74.256,-25.790,
428.832,13.475,
59.12,-18.83,
-30.953,-33.890,
-30.131,-30.860,
73.680,84.402,
171.298,125.436,
-82.704,-4.233,
14.425,6.616,
-13.843,-3.790,
-28.09,-44.14,
11.620,32.638,
20.13,-77.72,
-20.070,-49.425,
12.79,8.48,
21.839,-1.588,
328.95,-164.67,
100.80,-105.34,
9.181,15.079,
33.034,-72.244,
20.13,5.31,
162.321,5.038,
-37.62,-24.95,
13.850,-2.682,
-2.23,18.10,
134.861,-5.498,
91.684,-95.143,
60.374,-24.635,
-38.52,-16.05,
79.33,-62.01,
12.79,0.28,
-10.986,-84.834,
32.61,-9.76,
61.661,-34.184,
56.469,4.134,
134.92,-24.59,
318.568,48.171,
30.00,4.52,
146.354,-8.343,
187.56,-22.45,
221.185,-147.090,
-31.73,-28.54,
-103.254,-206.394,
53.452,30.201,
-121.28,-97.59,
-50.72,-64.22,
-3.41,8.46,
-121.403,-309.977,
261.70,-296.70,
14.332,0.679,
28.825,-2.064,
26.82,-4.27,
25.17,-9.16,
-26.15,-73.58,
232.55,31.99,
-1721.728,854.963,
-80.21,-146.29,
-8.62,-9.07,
94.12,-14.62,
310.526,12.627,
36.89,-58.99,
-13.71,-39.03,
-34.152,-26.359,
117.00,16.48,
50.434,-49.097,
99.28,-66.32,
-82.828,-269.549,
38.357,-18.188,
-11.596,-9.786,
161.62,-230.53,
-4.095,-38.019,
264.634,-59.482,
-147.867,-93.480,
39.752,-40.956,
77.36,-220.16,
114.20,-25.03,
13.438,-1.900,
118.929,-21.928,
369.477,-16.981,
17.13,-11.70,
44.346,-7.951,
-6.85,-12.02,
-15.15,-37.11,
-8.96,-113.82,
215.61,-139.02,
-77.94,-206.53,
18.77,-8.21,
14.964,32.742,
36.575,-195.441,
-19.18,-14.10,
46.941,-40.471,
-6.54,87.85,
124.225,278.007,
-69.23,-119.67,
-57.13,-72.08,
17.905,-10.329,
408.34,-35.22,
-18.901,-43.132,
24.66,-11.16,
18.25,-9.39,
180.832,33.072,
224.295,25.396,
182.92,50.36,
134.223,11.219,
6.99,-15.66,
-30.179,-83.636,
17.83,2.41,
87.005,-95.945,
-129.70,-154.80,
-11.656,-7.553,
12.85,-2.94,
77.903,-306.244,
759.82,17.77,
78.811,-59.761,
-32.086,-24.545,
-47.972,-21.861,
32.687,25.146,
-146.10,-146.12,
59.88,-94.09,
102.069,101.416,
282.18,30.46,
-125.581,-43.229,
377.15,-437.43,
83.10,-49.58,
-80.17,25.59,
142.693,-53.051,
292.00,-45.95,
-23.36,3.36,
-26.51,-22.32,
53.843,10.742,
78.625,12.398,
7.467,-12.276,
4.28,-6.29,
-7.897,-5.237,
4.808,11.391,
71.227,53.727,
-26.965,-1.154,
23.707,-4.787,
45.456,-152.116,
42.39,-304.19,
26.92,0.44,
6.32,4.80,
77.22,-11.38,
233.354,-493.133,
21.568,-21.096,
60.447,28.353,
6.01,-17.70,
60.40,-41.30,
1.98,-9.28,
27.14,-2.64,
-7.003,-35.176,
114.648,20.338,
8.66,-11.33,
91.831,1.152,
44.49,-14.82,
39.32,-10.48,
-300.737,-673.539,
77.845,-106.965,
77.138,-97.321,
34.76,-22.95,
55.75,-10.15,
36.270,-2.505,
191.856,36.183,
-35.24,-31.60,
-101.17,-81.77,
-43.47,-45.73,
98.74,-110.41,
8.299,-2.478,
144.70,-41.87,
-0.03,-33.07,
17.001,-20.531,
-92.55,-13.25,
188.55,-148.08,
20.348,-35.671,
24.74,3.63,
48.13,14.29,
8.79,-1.06,
295.476,27.442,
17.504,5.298,
-4.553,-36.588,
187.65,136.93,
137.46,-163.44,
42.976,-56.675,
-228.701,-253.206,
28.484,-74.486,
22.98,-11.12,
81.194,-24.267,
-15.884,-7.151,
-13.74,-5.12,
277.4,-251.1,
256.452,-239.685,
19.957,-18.971,
50.81,-17.46,
114.45,-84.02,
-9.874,-9.132,
73.384,-26.707,
10.82,-234.24,
7.073,0.836,
18.339,-26.378,
-12.87,-18.95,
14.75,-3.51,
-65.05,-60.50,
-15.632,-86.097,
63.163,-26.952,
8.502,-11.433,
66.81,-116.52,
6.51,-68.21,
-57.551,-14.795,
57.737,-38.838,
-65.67,-42.00,
153.48,36.49,
175.90,-112.20,
44.64,-52.57,
-15.234,-32.711,
149.47,-127.05,
8.85,-0.72,
-0.32,-5.46,
-2.005,-4.512,
22.77,-18.35,
149.16,-39.10,
1.790,-30.088,
5.667,-5.601,
2.233,1.969,
112.808,99.499,
109.428,23.678,
-9.143,3.370,
22.99,0.88,
27.64,-1.02,
80.73,-18.70,
15.99,-23.76,
-171.892,-381.815,
154.36,-42.76,
45.066,11.901,
9.479,-62.744,
-46.308,6.614,
-3.147,9.159,
-18.312,-12.105,
-21.393,-9.590,
34.972,0.197,
-32.33,-125.64,
-218.723,16.555,
18.862,3.121,
-12.48,-27.37,
-27.970,12.400,
-12.860,-9.792,
-31.64,-48.20,
-20.17,-39.47,
-101.446,-82.543,
-8.974,-12.737,
-11.906,-2.198,
116.374,-31.265,
-15.23,34.37,
178.235,-178.053,
-126.913,23.116,
-24.69,5.04,
6.989,-22.729,
-143.20,-37.20,
-67.135,-8.899,
-164.812,-50.933,
46.96,-62.39,
-23.41,-21.10,
-29.29,2.70,
-53.23,37.24,
-217.31,-54.26,
-45.61,-9.21,
18.88,-21.85,
52.90,0.62,
-2.80,-1.82,
-25.66,-15.56,
-31.41,-22.15,
-39.39,19.65,
-89.728,-15.945,
18.39,-6.84,
-82.021,-64.844,
-248.73,5.59,
-13.060,-9.669,
-160.57,2.91,
-217.433,-74.373,
-81.47,35.34,
-127.68,-110.31,
-73.66,-59.21,
304.30,-154.28,
-49.127,-13.023,
-129.17,-79.76,
-81.320,9.798,
-27.720,60.366,
0.07,7.79,
-5.93,-3.40,
-102.355,56.865,
-39.290,-23.582,
-95.499,25.027,
-11.135,21.596,
-115.30,7.62,
93.35,198.88,
44.033,-23.714,
-72.985,-27.041,
92.02,-285.82,
-111.772,-27.303,
-80.03,-15.36,
-76.977,-14.698,
-8.67,39.07,
-52.013,-23.524,
13.868,-15.792,
9.014,-35.370,
-462.303,128.614,
80.915,-238.566,
74.069,-124.443,
23.28,4.29,
143.42,-129.88,
-60.31,-79.10,
-345.034,-46.986,
7.827,-102.911,
-187.524,-3.099,
-83.662,41.467,
-35.561,-10.651,
-47.378,-75.708,
-26.84,28.69,
-339.398,-607.892,
-453.7,-591.4,
-25.56,-6.00,
-92.97,-11.48,
55.24,-142.61,
-110.37,-37.16,
-25.154,24.689,
-124.67,207.59,
-97.42,3.65,
-319.253,-17.823,
16.851,-10.756,
1.76,43.37,
19.554,-16.149,
-59.38,2.55,
-29.500,6.543,
-209.62,-40.84,
-60.943,-45.959,
-145.49,-4.34,
60.08,-24.50,
-18.96,-181.56,
27.298,-24.644,
-7.150,-32.948,
-43.24,-1.61,
-497.68,-114.67,
740.746,-270.927,
-49.952,-8.271,
-56.56,0.19,
-218.69,57.76,
0.26,-30.10,
-17.071,6.830,
-71.74,10.25,
99.52,-39.19,
-26.55,-6.22,
-109.426,88.930,
-80.593,-31.055,
-293.281,-63.568,
-54.665,-17.642,
-158.61,21.86,
-108.879,-27.661,
-704.702,292.155,
-77.864,-33.599,
-83.95,-81.13,
-26.158,-9.385,
-15.874,-11.784,
-11.589,-9.138,
-23.071,-15.110,
-11.426,-8.112,
-424.597,-58.241,
-210.49,-138.74,
-58.89,28.31,
-3.030,23.285,
81.912,-90.323,
-605.176,85.701,
-534.318,-64.270,
-77.223,-24.409,
1.11,-56.56,
-43.38,-25.25,
-235.08,53.54,
-12.025,-8.119,
-37.66,-30.14,
14.359,15.903,
-107.95,4.10,
-469.99,-52.83,
-18.08,-19.52,
-29.710,-13.778,
70.84,-22.54,
-37.208,20.034,
-20.750,-6.712,
34.155,-69.539,
-37.705,33.723,
-273.80,19.96,
-125.28,18.47,
-800.720,882.301,
-433.13,141.24,
-6.06,9.14,
-35.252,-33.302,
16.629,-10.192,
97.167,-288.066,
-1070.202,-1063.849,
304.278,-114.932,
-20.533,-46.131,
34.475,-48.146,
-235.951,-575.969,
-130.093,-21.369,
-42.35,-30.67,
-121.566,20.435,
68.99,-41.85,
-339.615,-82.181,
-95.54,23.75,
45.51,-24.70,
-276.903,44.621,
-103.94,-43.87,
-31.019,-38.850,
-15.67,-10.49,
31.230,17.196,
-94.22,41.07,
-468.923,63.469,
-91.258,38.786,
-100.681,-38.243,
-462.182,-146.513,
-41.68,-59.77,
-13.533,-10.886,
28.154,-48.279,
-60.95,-356.29,
17.49,-21.27,
-86.260,-21.309,
-49.36,-29.53,
-10.428,-10.710,
-23.157,-59.831,
7.25,139.88,
43.70,-141.18,
-12.951,-35.033,
-520.53,-518.06,
5.716,12.866,
-1093.39,-2000.06,
-118.809,-71.508,
-26.31,-419.38,
-15.91,28.92,
-202.484,-117.094,
-63.69,-10.65,
-100.531,119.870,
188.574,131.580,
-138.727,-3.338,
-23.446,-24.638,
-43.525,22.499,
-50.95,21.07,
-42.2,13.6,
-13.57,-16.08,
13.922,15.566,
-60.69,-50.56,
51.95,-11.08,
-10.265,3.187,
-114.03,-22.13,
103.28,-318.63,
38.373,-9.133,
-61.46,-176.84,
9.311,-3.426,
127.468,-40.569,
154.98,-66.43,
89.935,-124.303,
-98.683,-153.908,
-73.505,-67.871,
-105.68,-68.40,
-10.786,-28.376,
-238.580,-62.451,
-92.33,-85.67,
-18.24,-20.72,
-48.880,-17.284,
-16.96,-27.83,
-126.721,-228.837,
-0.094,-3.368,
24.47,-288.55,
5.54,-3.12,
32.046,-20.932,
56.41,-46.43,
30.49,-119.21,
15.057,-23.524,
6.105,-11.251,
-21.37,-29.98,
-18.145,-32.242,
0.01,-6.24,
2.686,-2.117,
23.690,-18.373,
4.37,-36.65,
47.391,-27.246,
-10.16,-3.66,
-8.935,1.036,
-5.10,-24.85,
11.963,-37.940,
-12.05,-18.16,
15.61,11.33,
-11.09,-23.32,
-10.451,-18.315,
-2.37,-30.09,
-16.762,-218.275,
-8.53,-30.80,
-6.05,-25.54,
41.717,11.975,
-129.56,-166.26,
0.637,-53.975,
-131.234,-98.230,
96.74,-281.71,
45.737,-285.189,
84.87,-95.99,
5.60,-25.81,
108.519,-69.521,
-22.08,-24.46,
-614.85,-255.98,
1.272,-2.049,
-39.42,-124.20,
-9.016,-2.048,
-71.16,-43.34,
10.755,-32.180,
-12.82,-4.15,
-15.68,-24.88,
-31.19,-100.92,
32.97,14.00,
-51.96,-156.56,
-16.044,-16.111,
-15.12,-25.18,
-14.053,-24.937,
-11.42,-26.83,
-12.11,-23.30,
-9.89,-22.83,
1.097,-30.511,
17.08,-138.02,
4.372,-4.588,
-53.92,-180.90,
32.54,-25.57,
-53.001,-253.304,
10.79,21.11,
209.41,62.39,
26.283,27.104,
10.46,-15.52,
-35.40,-32.79,
-10.21,-35.41,
-4.32,-14.15,
-10.60,-16.28,
-5.53,-21.74,
-498.600,-1149.158,
-465.861,-1141.168,
-4.948,-10.553,
-44.76,-185.66,
50.61,1.22,
15.14,-53.43,
45.50,-31.08,
61.63,-50.66,
68.30,-21.51,
-35.256,-111.519,
-12.977,-17.736,
44.81,-45.42,
-8.98,-23.48,
21.12,35.26,
-56.853,-8.074,
-7.37,-23.94,
0.10,-118.18,
5.24,-25.72,
-0.900,-51.149,
9.905,-32.048,
3.919,-8.092,
104.663,-28.501,
77.445,-58.460,
5.034,-10.825,
-22.764,-22.170,
-36.821,-23.247,
-18.472,-15.594,
-5.2,-24.04,
-7.65,-23.71,
-20.29,-47.65,
-5.41,-21.12,
265.543,-202.584,
-97.54,-44.56,
0.30,-0.48,
6.108,-26.699,
-0.575,33.156,
-1.116,-6.066,
31.72,-13.33,
-1.36,-36.45,
-10.417,-10.913,
-129.803,-90.543,
16.560,-17.375,
65.34,7.45,
100.33,135.02,
-45.35,-37.34,
-21.145,-1.572,
-25.87,21.46,
0.778,-5.855,
68.437,-50.621,
66.502,-9.814,
17.267,-110.707,
44.133,0.360,
-12.44,-16.73,
40.13,99.17,
-42.10,-59.94,
3.22,-4.02,
21.709,1.643,
62.63,2.66,
14.74,-14.32,
-63.051,-6.024,
-98.10,-19.65,
-66.816,-152.296,
307.347,-234.595,
-43.269,-18.584,
-1.483,-31.351,
-4.991,-9.931,
15.26,24.79,
104.147,-84.201,
43.40,2.61,
-72.90,-55.55,
7.724,-2.801,
33.98,-34.77,
45.75,-33.59,
-67.49,-11.75,
-9.48,-116.69,
48.894,54.530,
7.300,1.212,
-31.841,-21.200,
-11.31,-20.47,
12.654,-37.697,
15.78,-37.79,
-18.006,-313.989,
21.781,4.591,
61.567,-41.232,
-24.41,-39.66,
112.516,46.738,
1.63,-2.65,
1.68,-40.06,
-100.28,-25.99,
-91.09,-28.21,
-47.54,-142.73,
83.40,40.58,
-40.370,-78.455,
-92.50,-43.29,
155.51,-44.43,
-547.75,-701.42,
-7.972,-16.398,
-19.120,-89.427,
20.64,-10.63,
70.287,-22.559,
10.862,-15.416,
-1.426,-21.644,
35.26,5.71,
18.766,-19.647,
-84.884,-34.239,
30.264,-47.593,
-30.98,-73.42,
-24.64,-74.42,
15.93,-13.29,
124.16,-962.82,
8.88,-15.27,
12.333,17.864,
10.102,-0.825,
-0.562,-2.294,
6.91,-8.21,
96.805,-10.140,
-55.569,13.628,
128.19,62.16,
-19.403,-39.531,
1.459,6.760,
-41.45,159.34,
1.23,-12.73,
0.935,-8.772,
-6.994,11.952,
50.044,28.363,
46.474,31.313,
254.54,82.51,
133.84,44.81,
-13.024,-80.085,
213.280,-156.953,
4.528,-4.507,
45.944,-480.965,
-223.952,-69.763,
-1.776,13.985,
-53.80,-34.04,
-292.13,-10.38,
7.676,-97.830,
-62.17,79.66,
9.318,29.522,
536.23,385.29,
101.694,-81.141,
42.906,-123.903,
-178.84,-79.27,
49.982,-11.622,
108.07,-221.57,
-0.89,-32.11,
1.070,13.640,
16.99,-2.98,
32.745,5.630,
38.682,-59.551,
25.226,-62.651,
-7.32,36.07,
-7.269,-10.923,
-51.062,-69.439,
-7.25,-95.56,
14.853,-124.527,
11.96,-28.97,
-13.172,-7.790,
65.38,-38.61,
310.93,-1282.19,
-34.067,-6.700,
98.835,115.120,
8.180,-33.113,
55.446,57.339,
45.52,11.74,
118.09,-48.06,
-20.44,-43.33,
16.457,-11.468,
-51.88,-88.10,
-47.39,43.81,
-89.230,-65.160,
-12.557,-6.890,
0.178,-9.369,
-1.92,-5.89,
9.056,-20.830,
17.962,-59.923,
195.971,-243.234,
-9.086,-335.655,
87.690,-73.705,
12.100,5.142,
15.076,-20.287,
7.277,0.318,
18.7,26.5,
66.21,22.22,
53.82,8.47,
-11.702,-203.994,
-30.476,-197.504,
-60.86,-43.69,
-53.507,17.999,
-99.15,-15.39,
-21.18,-156.48,
-19.355,-1.631,
10.121,5.627,
6.571,1.305,
-0.383,-5.809,
23.404,-15.797,
30.128,80.000,
4.500,23.359,
9.434,5.541,
18.782,16.184,
-312.087,-773.179,
-4.349,-38.848,
0.922,-10.270,
-126.13,-107.44,
22.325,36.510,
15.246,0.316,
2.852,-7.278,
69.968,7.444,
-78.907,-64.894,
-77.716,-60.971,
-0.81,2.18,
82.44,-18.73,
-100.150,53.998,
-0.02,8.55,
4.022,47.670,
-1.078,-1.540,
-7.17,-6.15,
9.807,-7.535,
-3.462,-4.667,
-5.335,-49.180,
184.714,-164.279,
120.27,-89.58,
-37.817,-7.016,
-97.373,107.313,
-461.52,342.28,
-47.69,26.90,
-4.298,-5.621,
-15.295,24.487,
-10.685,-11.771,
-3.09,1.11,
114.276,18.316,
6.232,9.400,
12.235,11.229,
1.520,35.883,
58.17,3.84,
12.541,-19.117,
-39.938,12.121,
-38.328,-185.535,
-174.718,-5.036,
-180.17,85.92,
4.756,-38.223,
2.863,0.258,
-16.75,41.09,
1.90,-3.53,
-20.16,-38.34,
6.89,-0.87,
-3.665,-1.154,
-76.611,-56.516,
-69.512,28.662,
116.83,-171.37,
-20.15,-9.39,
-27.29,2.82,
-38.796,58.493,
-39.617,3.554,
2.67,6.47,
29.04,27.03,
200.94,286.23,
-7.36,4.06,
-1.287,-4.693,
4.497,13.514,
1.16,-3.47,
-33.61,-27.87,
35.84,-5.83,
-8.98,24.11,
84.74,-111.58,
-8.669,-348.350,
-59.431,332.280,
35.41,-85.30,
7.426,50.451,
-21.558,-5.091,
13.900,62.391,
11.09,61.39,
6.18,50.42,
7.207,49.009,
-0.60,-1.26,
-0.80,0.36,
11.629,105.208,
72.665,35.379,
0.930,-0.226,
68.090,69.404,
2.739,13.168,
-2.802,-4.292,
-3.612,-4.166,
355.66,330.60,
30.16,-5.14,
-15.384,44.260,
21.05,82.06,
3.676,-2.695,
-3.18,-6.45,
14.71,-8.96,
38.196,-70.153,
-59.55,188.31,
-25.166,-87.380,
106.757,323.164,
-0.932,373.786,
1.683,-3.139,
199.08,70.18,
41.992,-203.157,
-12.532,-9.929,
-71.038,-10.227,
13.859,-7.738,
-10.75,9.66,
-16.683,30.084,
-11.05,6.72,
-101.85,-78.08,
-4.37,8.66,
-136.17,107.12,
4.003,19.658,
68.621,-2.210,
-40.08,54.59,
-23.778,19.524,
-6.243,9.475,
-6.07,10.43,
-5.60,5.76,
-21.396,20.144,
-56.878,149.108,
34.36,-69.11,
-7.65,10.54,
19.93,23.24,
4.65,83.10,
-36.013,34.684,
3035.017,726.964,
135.92,-27.53,
-147.98,61.35,
-24.066,13.306,
-24.01,13.52,
-12.052,14.247,
-12.82,4.23,
-4.301,3.322,
-6.05,4.66,
-7.808,10.611,
-5.10,7.76,
22.335,-11.593,
-4.90,7.41,
81.13,-71.12,
100.502,184.180,
118.800,-1.521,
-47.45,-9.75,
-2.816,4.137,
-13.919,18.036,
-67.140,25.445,
-31.368,23.452,
-39.146,32.260,
-31.903,117.940,
57.75,10.93,
-24.42,34.44,
-16.284,14.567,
-9.792,33.350,
19.32,-5.54,
-150.09,49.44,
-25.335,10.549,
-25.119,10.305,
-130.55,42.98,
-20.600,15.405,
-8.55,7.08,
-9.29,8.85,
28.99,-103.35,
54.775,27.012,
-21.925,11.574,
-25.52,22.06,
-66.07,242.97,
148.129,550.143,
-0.611,12.950,
66.672,94.675,
-47.785,-167.806,
101.535,-20.207,
-31.417,-47.826,
-33.476,-30.113,
-20.362,10.937,
-11.40,11.52,
-27.15,-14.18,
-8.651,9.224,
-175.405,282.080,
-6.63,5.32,
-145.711,-301.180,
-1.89,19.21,
-23.255,119.249,
-28.91,5.17,
-21.81,17.32,
41.97,49.42,
85.705,176.113,
9.80,-14.30,
3.03,34.67,
-73.668,-63.504,
33.395,5.812,
91.03,-22.23,
-93.16,-91.17,
-14.96,0.48,
-13.08,3.55,
-32.54,5.87,
-16.64,15.00,
-18.86,11.98,
-28.18,41.48,
-4.43,8.38,
-50.84,19.01,
18.485,38.123,
311.534,83.557,
1331.027,647.725,
382.538,373.589,
680.110,294.318,
-18.06,-208.63,
-23.880,5.480,
-133.41,-1.82,
-10.74,6.60,
-34.09,18.55,
-37.48,14.59,
-13.780,-0.181,
-2.00,-95.51,
-35.74,-152.22,
-29.781,29.887,
23.620,108.653,
-4.233,10.850,
23.142,4.943,
94.372,28.564,
126.534,59.909,
138.38,153.89,
665.086,178.070,
63.22,-54.21,
-419.935,209.671,
-12.192,5.367,
-12.88,8.19,
-11.51,4.71,
19.521,-39.238,
33.34,14.89,
121.596,-212.411,
66.102,43.764,
87.30,0.09,
263.66,26.77,
-80.81,34.97,
-18.80,4.85,
-15.93,0.49,
-14.47,2.36,
-41.591,-38.694,
-14.799,0.626,
-24.73,7.20,
-17.01,11.50,
-3.870,9.088,
-156.47,108.95,
-8.81,-5.26,
-29.432,29.926,
135.924,266.877,
50.85,114.74,
-50.395,3.214,
78.169,38.800,
-14.75,3.10,
-18.36,12.03,
-22.39,11.48,
-34.517,11.575,
-36.01,7.09,
-129.05,40.89,
111.12,107.49,
-33.506,-26.239,
75.927,73.401,
62.919,44.139,
-28.20,1.80,
-6.302,2.021,
-4.97,1.67,
-37.621,9.269,
-6.480,1.900,
27.59,-30.73,
-16.29,-27.67,
121.149,-48.414,
412.11,127.74,
-5.07,16.51,
140.561,19.647,
33.654,-49.433,
-56.17,16.19,
-4.491,1.604,
-6.976,1.118,
-33.863,-7.236,
-37.61,11.08,
-36.86,5.90,
-34.81,14.18,
133.000,-34.192,
83.64,-54.82,
105.607,-48.057,
86.541,-50.115,
-72.928,-7.964,
-22.022,2.755,
-28.20,-7.21,
-100.35,33.49,
30.340,-15.710,
-22.050,-20.218,
-56.841,-176.791,
2219.54,324.09,
5.25,-2.53,
1706.747,1164.959,
120.393,-179.597,
-49.94,-7.19,
-38.874,-13.280,
-35.81,-10.36,
-152.35,7.00,
-18.467,0.467,
-37.431,-6.576,
33.88,-37.02,
-29.729,-6.647,
-231.04,-26.39,
-51.34,-5.40,
-77.818,45.738,
-37.97,11.15,
-36.555,-135.715,
-54.49,1.16,
-45.670,-15.666,
47.93,-22.95,
78.849,-61.755,
58.510,62.022,
9.526,-23.213,
-30.66,-10.13,
-76.734,-15.551,
28.23,-265.08,
-170.93,91.67,
-39.548,-13.760,
-40.20,-12.80,
264.17,-22.75,
-108.236,-132.718,
-19.981,-65.222,
-96.12,-13.27,
68.14,-31.86,
56.81,-43.47,
-186.081,-6.757,
-32.36,-12.51,
-42.97,-16.18,
112.266,-65.641,
-24.464,-4.226,
-32.92,-14.60,
-36.46,-11.36,
-4.58,-15.88,
-9.51,-14.34,
68.656,-250.044,
1303.872,-674.186,
-10.769,74.585,
-123.84,-30.17,
-185.72,5.79,
-30.068,-15.526,
-30.69,-13.08,
-28.386,-10.447,
-29.518,-21.698,
28.959,-21.326,
-10.23,-37.43,
-1.817,-31.511,
-125.51,-78.25,
12.985,-369.816,
40.07,-20.17,
-64.223,-17.832,
-79.450,-24.729,
-26.15,-12.03,
-281.986,-354.837,
42.561,-21.617,
-70.72,-39.44,
30.717,17.334,
107.195,-62.575,
132.50,-26.66,
-29.85,-15.17,
-33.27,-23.16,
-66.58,-32.31,
81.78,-132.16,
80.815,800.573,
-1.823,-7.517,
-15.30,-11.72,
-38.997,-26.863,
-192.53,-233.51,
103.058,8.499,
24.35,-54.47,
-8.966,-6.343,
200.742,109.341,
0.81,-158.15,
-42.67,9.94,
9.098,-23.224,
3966.661,-2536.192,
41.94,-3.93,
135.16,-4.38,
10.00,-27.62,
-9.64,-7.46,
-3679.25,473.67,
-3608,686,
-3614.39,802.98,
-11.70,-11.69,
3.209,9.344,
17.99,-31.58,
-37.437,-7.925,
-8.186,16.042,
1211.761,-1130.237,
25.72,-3.32,
-14.08,2.57,
-57.37,-44.55,
-97.74,-134.15,
-4.085,-3.758,
-188.66,-401.85,
2.73,-12.92,
53.428,25.638,
-11.96,-56.57,
69.912,-185.861,
59.61,-72.69,
313.012,-569.473,
20.79,-25.20,
126.69,-147.47,
-26.77,-20.18,
-24.25,-18.64,
-27.51,-22.44,
4.873,-17.824,
-29.26,-15.72,
-17.287,-82.275,
18.02,-207.57,
-1.11,-45.31,
-1.86,-13.02,
6.90,-86.02,
15.421,-37.115,
-22.90,-21.69,
-22.77,-20.13,
14.62,-7.33,
-12.56,-4.76,
-13.09,-14.67,
-20.94,-23.67,
-28.26,-28.82,
-112.92,-71.18,
-120.01,-82.09,
39.73,-24.91,
-54.01,-99.25,
-1.775,8.960,
-125.674,32.426,
155.80,-53.86,
0.870,-5.177,
-97.126,-48.849,
-4.590,-22.568,
-17.80,-36.67,
-0.44,-15.77,
-15.034,11.334,
-24.15,-21.90,
-25.20,-27.13,
-15.707,-18.158,
-25.175,-17.856,
-141.535,-133.142,
2.16,22.04,
-22.409,-143.793,
-8.039,-25.927,
-50.775,-149.745,
12.18,-8.76,
32.209,-116.646,
25.824,-82.965,
49.24,66.53,
39.432,26.204,
80.022,24.880,
19.357,10.764,
-17.62,-22.51,
-35.78,-39.83,
-22.01,-21.75,
-22.86,-18.87,
-20.794,-20.794,
42.05,9.14,
-1.69,-3.39,
-159.71,-52.25,
13.004,7.554,
-15.034,-190.901,
38.421,-96.728,
11.560,-35.355,
175.510,-118.374,
-29.92,-30.68,
-9.163,-17.377,
-149.80,57.37,
-169.106,-266.391,
-18.440,41.784,
-34.654,-45.784,
-13.68,-19.89,
-6.209,-17.699,
103.685,-175.956,
-8.27,-8.70,
139.10,-228.66,
-8.190,-36.977,
-44.781,-16.941,
-15.62,-25.43,
0.02,-1.98,
-25.78,-38.30,
-18.837,-38.102,
-16.95,-53.09,
-3.75,-27.43,
1.471,-10.798,
93.45,-54.09,
2.890,-18.125,
22.61,51.40,
105.391,62.841,
212.563,89.058,
20.87,30.64,
413.480,116.037,
-64.350,-59.503,
6.014,3.700,
1.744,3.390,
45.340,-97.647,
359.565,619.186,
-198.096,238.812,
-23.542,-12.414,
-6.518,-2.956,
32.692,-2.895,
89.74,-55.81,
81.136,-6.795,
-13.33,38.48,
-439.836,-214.071,
-546.01,-1223.07,
70.691,8.888,
-60.641,-28.047,
-71.5,-34.5,
125.972,-42.909,
-9.823,-30.085,
-39.38,7.71,
79.486,40.041,
54.277,9.902,
-67.012,3.473,
8.995,36.267,
-52.273,23.058,
-50.502,16.613,
26.330,0.079,
-1.106,6.383,
-73.952,5.748,
-4.385,-23.297,
24.59,-14.01,
-228.031,-229.577,
87.00,-38.24,
70.440,-41.070